car
[ 3  0  1  0  0  0  0  0  0  0  0  0  0  1  0  3  3  3  3  3  3  3  3  3
  0  3  3  3  3  3  3  3  2  3  3  1  3  3  3  3  3  3  3  3  3  3  1  1
  2  2  1  1  1  1  1  1  2  1  2  1  1  1  1  1  1  1  1  1  1  1  1  1
  1  2  3  2  0  0  1  1  1  1  1  1  0  1  1  1  1  1  1  1  1  1  1  1
  1  1  2  2  3  2  2  1  2  2  3  3  3  3  0  3  3  3  1  0  3  3  4  3
  3  3  3  3  3  0  3  3  3  3  3  3  3  3  2  2  1  0  0  0  0  0  0  0
  0  0  0  1  0  0  0  0  0  0  0  0  0  0  1  0  0  0  0  0  0  0  0  0
  0 58]
car
[ 3  3  3  0  2  3  0  2  2  2  3  2  1  3  2  1  1  2  1  1  2  2  2  2
  3  2  2  1  2  2  2  1  0  2  2  2  2  2  2  2  2  2  2  2  2  2  2  2
  1  1  2  2  2  2  2  2  1  2  1  2  2  2  2  2  2  2  2  2  2  2  2  2
  3  3  2  1  1  1  2  2  2  3  2  2  2  2  2  2  2  2  2  2  3  2  0  2
  2  2  3  0  2  0  3  3  3  0  2  2  2  2  2  2  2  2  3  2  2  2  3  2
  2  2  2  2  0  3  1  2  2  1  1  0  1  2  3  3  2  1  1  2  1  1  1  3
  2  0  5  3  0  0  0  3  0  3  0  0  0  0  3  0  0  0  0  0  0  0  0  3
  3 77]
car
[ 3  3  3  1  2  3  0  0  0  2  3  0  1  3  2  1  0  2  1  1  2  2  2  2
  3  2  2  1  2  2  2  0  3  2  2  2  2  2  2  2  2  2  2  2  2  0  2  2
  1  1  2  2  2  2  2  2  1  2  1  2  2  0  0  2  2  0  2  2  2  0  2  2
  3  3  0  1  1  0  2  2  2  3  2  2  2  2  2  2  2  2  2  2  3  0  0  2
  2  0  3  3  0  3  0  0  3  3  2  2  2  2  2  2  2  2  3  2  2  0  0  0
  0  0  0  0  0  3  1  0  2  1  1  1  1  0  0  0  2  1  1  2  1  1  1  3
  2  3  5  3  5  3  4  3  2  3  0  0  0  0  0  0  0  0  0  0  0  0  0  3
  3 89]
car
[  3   2   1   3   3   2   3   3   4   3   2   3   3   0   3   3   3   3
   3   3   3   3   3   3   1   0   3   3   3   3   3   3   2   3   3   1
   3   3   3   3   3   3   3   3   3   3   1   1   2   2   1   1   1   1
   1   1   2   1   2   1   1   1   1   1   1   1   1   1   1   1   1   1
   1   2   3   2   3   2   1   0   1   1   1   1   1   1   1   1   1   1
   1   1   1   1   1   1   1   1   2   2   3   2   2   1   2   2   3   3
   3   3   3   3   3   3   0   3   0   3   4   0   3   3   3   3   0   1
   3   3   3   3   3   3   3   3   2   2   1   3   2   1   2   0   2   2
   3   1   4   1   2   2   3   2   1   2   2   2   4   3   1   2   2   0
   0   2   1   3   2   1   1 110]
car
[  3   2   1   3   3   2   3   3   4   3   2   3   3   1   3   3   3   3
   3   3   3   3   3   0   1   3   3   3   3   3   3   3   2   3   3   1
   3   3   0   3   3   3   3   3   3   3   1   1   2   2   1   1   1   1
   1   1   2   1   2   1   1   1   1   1   1   1   1   1   1   1   1   1
   1   2   3   2   3   2   1   1   1   1   1   1   1   1   1   1   1   1
   1   1   0   1   1   1   1   1   2   2   3   2   2   1   2   2   3   3
   3   3   3   3   3   3   1   3   3   3   4   3   3   3   3   3   3   0
   3   3   3   3   3   3   3   3   2   2   1   3   2   1   2   2   2   2
   3   1   4   1   2   2   3   2   1   2   2   2   4   3   0   2   2   1
   2   2   1   3   2   1   1 136]
car
[  3   2   1   3   3   2   3   3   4   3   2   3   3   1   3   3   3   3
   0   3   3   0   3   3   1   0   0   0   0   0   0   0   0   0   0   1
   0   0   3   0   0   0   0   0   0   0   1   0   0   2   1   1   1   1
   1   1   2   1   2   1   1   1   1   1   1   1   1   1   1   1   1   1
   1   2   3   2   0   2   1   1   1   1   1   1   1   1   1   1   1   1
   1   1   1   1   1   1   1   1   2   0   3   0   0   1   2   0   0   0
   0   0   0   0   0   0   1   0   0   0   4   0   0   0   0   0   3   0
   3   3   3   3   3   3   3   3   2   2   1   3   2   1   2   0   2   2
   3   1   4   1   2   2   3   2   1   2   2   2   4   3   1   2   2   1
   2   2   1   3   2   1   1 137]
car
[  3   3   3   0   2   3   4   2   2   2   3   2   1   0   2   1   1   2
   1   1   2   2   2   2   3   2   2   1   2   2   2   1   3   2   2   2
   2   2   2   2   2   2   2   2   2   2   2   2   1   1   2   2   2   2
   2   2   1   2   1   2   2   2   2   2   2   2   2   2   2   2   2   2
   3   3   2   1   1   1   2   2   2   3   2   2   2   2   2   2   2   2
   2   2   3   2   2   2   2   2   3   3   2   3   3   3   3   0   2   2
   2   2   2   2   2   2   3   2   2   2   3   2   2   2   2   2   2   3
   1   2   2   1   1   1   1   2   0   3   2   1   1   2   1   1   1   3
   2   3   5   3   5   3   0   0   0   0   0   0   0   0   3   0   0   0
   0   0   0   0   0   0   0 173]
car
[  3   3   3   1   2   3   4   2   2   2   3   2   1   3   2   1   1   2
   1   1   2   2   2   2   3   2   2   1   0   2   2   1   3   2   2   2
   2   2   2   2   2   2   2   2   2   2   2   2   1   1   2   2   2   2
   2   2   1   2   1   2   2   2   2   2   2   2   2   2   2   2   2   2
   3   3   0   1   1   1   2   2   2   3   2   2   2   2   2   2   2   2
   2   2   3   2   2   2   2   2   3   3   2   0   3   0   0   3   2   0
   2   2   2   2   2   2   3   2   2   2   3   2   2   2   2   2   2   3
   1   2   2   1   1   1   1   2   3   3   2   1   1   2   1   1   1   3
   2   3   5   3   5   3   4   0   0   0   0   0   0   0   3   0   0   0
   0   0   0   0   3   3   0 183]
car
[  3   3   3   1   2   3   4   2   2   2   3   2   1   3   2   1   1   2
   1   1   2   2   0   2   3   2   2   1   2   2   2   0   3   2   0   2
   0   2   2   2   2   2   0   2   2   2   2   2   1   1   2   2   2   2
   2   2   1   2   1   2   2   2   2   2   2   2   2   2   0   2   2   2
   0   3   2   1   1   1   2   2   2   3   2   2   0   2   2   2   2   2
   2   0   3   2   2   0   2   2   3   3   2   3   3   3   3   3   2   2
   2   2   2   0   2   2   3   2   0   2   3   2   0   0   2   0   0   3
   1   2   2   1   1   1   1   2   3   3   2   1   1   2   1   1   1   3
   2   3   5   3   0   0   4   0   0   0   0   0   0   0   3   0   0   0
   0   0   0   0   0   3   0 250]
car
[  3   0   1   0   3   2   3   3   4   3   2   3   3   1   3   3   3   3
   3   0   3   0   0   0   1   0   0   0   0   0   0   0   0   3   0   1
   0   0   0   0   0   3   0   3   3   3   0   1   0   2   1   1   1   1
   1   1   2   1   2   1   1   1   1   1   1   1   1   0   1   1   1   1
   1   2   3   0   3   2   1   0   1   1   1   1   1   1   1   1   1   1
   1   1   1   1   1   1   1   1   2   0   0   0   0   0   2   0   0   3
   3   0   0   3   3   0   1   0   3   3   4   3   3   0   0   3   3   1
   0   3   3   3   3   3   3   3   2   2   1   3   2   1   0   0   0   2
   3   1   4   1   2   2   3   2   1   2   2   2   4   3   1   2   2   1
   2   2   0   0   0   0   1 265]
car
[  3   2   1   3   3   2   3   3   4   3   2   3   3   1   3   3   3   3
   3   3   3   3   3   3   1   3   3   3   3   3   3   3   2   3   3   1
   3   3   3   3   3   3   3   3   3   3   1   1   2   2   1   1   1   1
   1   1   2   1   2   1   1   1   1   1   1   1   0   1   1   1   0   1
   0   0   0   0   0   0   1   1   1   0   1   1   1   1   1   1   1   1
   1   1   0   1   1   1   1   1   2   2   3   2   2   0   2   2   3   3
   3   3   3   3   3   3   0   3   3   3   4   3   3   3   3   3   3   0
   3   3   3   3   3   3   3   3   2   2   1   3   2   1   2   2   0   2
   3   1   4   0   2   2   3   2   0   0   0   2   0   0   0   0   0   0
   0   0   0   0   0   1   1 316]
car
[  3   2   1   3   3   2   3   0   4   3   2   3   3   0   3   3   3   3
   3   3   3   3   3   3   1   3   3   3   3   3   3   3   2   3   3   1
   3   3   3   3   3   3   3   3   3   3   1   1   2   2   1   1   1   1
   1   1   2   1   2   1   1   1   1   1   1   1   1   1   1   1   1   1
   0   0   3   2   3   2   1   1   1   1   1   1   1   1   1   1   1   1
   1   1   1   1   1   1   1   1   2   2   3   2   2   1   2   2   3   3
   3   3   3   3   3   3   1   3   3   3   4   3   3   3   3   3   3   1
   3   3   3   3   3   3   3   3   2   2   1   3   2   1   2   2   2   2
   3   1   4   1   2   2   3   2   1   2   2   2   4   3   1   2   2   1
   2   2   1   3   2   1   1 352]
car
[  3   2   1   0   0   2   3   3   4   0   2   3   3   0   3   3   0   0
   3   3   3   3   3   3   1   3   3   3   3   3   3   3   2   3   3   1
   3   3   3   3   3   3   3   3   3   0   1   1   0   2   1   1   1   1
   1   1   2   1   2   1   1   1   1   1   1   1   1   1   1   1   1   1
   1   2   0   2   0   0   1   1   0   1   1   1   1   1   1   1   1   1
   1   1   1   0   1   1   0   1   2   2   3   2   2   1   2   2   3   3
   3   0   3   3   3   3   1   3   3   3   4   3   3   3   3   3   3   1
   3   3   3   3   0   3   3   3   2   2   1   3   2   1   2   2   2   0
   0   0   0   1   0   0   0   0   0   0   0   0   0   0   1   0   0   0
   0   0   0   0   0   0   0 355]
car
[  3   3   3   0   0   0   0   0   0   0   0   0   0   3   0   1   1   2
   1   1   2   2   2   2   3   2   2   1   2   2   2   1   3   2   2   2
   2   2   2   2   0   2   2   2   0   2   2   2   1   1   2   2   2   2
   2   2   1   2   1   2   2   2   2   2   2   2   2   2   2   2   2   2
   3   3   2   1   1   1   2   2   2   3   2   2   2   2   2   2   2   2
   0   2   3   2   2   0   2   2   3   0   0   3   0   3   0   0   2   2
   2   0   2   2   2   2   3   0   2   2   3   2   2   2   2   2   2   3
   1   2   2   1   1   1   1   2   3   3   2   1   1   0   0   0   0   0
   0   0   0   3   0   0   0   0   0   0   0   0   0   0   3   0   0   0
   0   0   0   0   0   3   0 686]
car
[  3   2   1   3   3   2   3   3   4   3   2   3   3   1   3   3   3   3
   3   3   3   3   3   3   1   3   3   3   0   0   0   3   0   0   3   1
   0   0   0   0   3   0   0   3   0   0   1   1   0   2   0   0   0   1
   0   1   2   1   2   1   1   0   1   1   1   1   1   1   1   1   1   1
   1   2   3   2   3   2   1   1   1   1   1   1   1   1   1   1   1   1
   1   1   1   1   1   1   1   1   2   2   3   0   0   1   0   0   3   3
   0   0   0   0   3   3   1   3   3   3   4   3   3   3   3   3   3   1
   3   3   3   3   3   3   3   3   2   2   1   3   2   1   2   2   2   2
   3   1   4   1   2   2   3   2   1   2   2   2   4   3   1   2   2   1
   2   2   1   3   0   1   1 947]
car
[   3    3    3    0    0    0    0    0    0    0    0    0    1    3
    2    1    1    2    1    1    2    2    2    2    3    2    2    1
    2    2    2    1    3    2    2    2    2    2    2    2    2    2
    2    0    2    2    2    2    1    1    2    2    2    2    2    2
    1    2    1    2    2    2    2    2    2    2    2    2    2    2
    2    2    3    3    2    1    1    1    0    2    2    3    2    2
    2    2    2    2    2    2    2    2    3    2    2    2    2    2
    3    3    2    3    3    3    3    3    2    2    2    2    2    2
    2    2    3    2    2    2    3    2    2    2    2    2    2    3
    1    2    2    1    1    1    1    2    3    3    2    1    1    2
    1    1    0    0    0    0    0    3    0    0    0    0    0    0
    0    0    0    0    3    0    0    0    0    0    0    0    0    0
    0 1556]
car
[   3    0    1    1    2    3    4    2    2    2    3    2    1    1
    2    0    1    0    0    0    0    0    0    3    1    3    3    3
    3    3    3    3    2    3    3    1    3    3    3    3    3    3
    3    3    3    3    1    1    2    2    1    1    1    1    1    1
    2    1    2    1    1    1    1    1    1    1    1    0    1    0
    0    0    0    0    0    0    0    0    1    1    1    0    1    1
    1    1    1    1    1    1    1    1    1    1    1    1    1    1
    2    2    3    2    2    1    2    2    3    3    3    3    3    3
    3    3    1    3    3    3    4    3    3    3    3    3    0    1
    0    0    0    0    0    0    0    2    3    3    1    1    1    2
    1    1    1    3    2    3    5    1    5    3    4    3    2    3
    0    3    3    4    1    4    4    2    3    0    4    5    3    3
    3 2754]
car
[    3     2     1     3     3     2     3     3     4     3     0     3
     3     1     3     3     3     3     3     3     3     3     3     3
     1     3     3     3     3     0     3     3     0     3     3     1
     0     3     0     3     3     3     3     3     3     3     1     1
     2     2     1     1     1     0     0     0     2     1     2     1
     1     1     1     1     1     1     1     1     1     1     1     1
     1     2     3     2     3     2     1     1     1     1     1     1
     1     1     1     1     1     1     1     1     1     1     1     1
     1     1     2     2     3     2     2     1     2     2     3     3
     3     3     3     3     3     3     1     0     3     3     4     3
     3     3     3     3     3     1     3     3     3     3     3     0
     0     3     2     2     1     3     2     1     0     2     2     2
     0     1     0     1     2     2     0     2     1     2     2     0
     0     3     1     2     0     1     2     2     1     0     2     1
     1 10478]
car
[    3     3     0     0     2     3     4     2     2     2     3     2
     1     0     2     1     1     2     1     1     2     2     2     2
     3     2     2     1     0     2     2     1     0     2     2     0
     2     2     2     2     2     2     2     2     2     2     0     0
     1     1     2     2     0     0     2     2     1     2     1     2
     2     2     2     2     2     2     2     2     0     2     2     2
     3     3     2     1     1     1     2     2     2     3     2     2
     2     2     2     0     2     0     0     0     3     2     0     2
     2     2     3     3     2     3     0     3     3     3     2     2
     2     2     2     0     2     2     3     2     2     2     3     2
     2     2     2     2     2     3     1     2     2     1     1     1
     1     2     3     3     2     1     1     2     1     1     1     3
     2     3     0     3     0     0     0     0     0     0     0     0
     0     0     3     0     0     0     0     0     0     0     3     0
     0 13162]
car
[    3     3     3     0     0     0     4     2     2     2     3     2
     1     0     2     1     1     2     1     1     2     2     2     2
     3     2     2     1     2     2     2     1     3     2     2     2
     2     2     2     2     2     2     2     0     2     2     2     2
     1     1     2     2     2     2     2     2     1     2     1     2
     2     2     0     0     0     0     0     0     2     0     0     0
     0     0     0     0     0     0     2     2     2     3     2     2
     2     2     2     2     2     2     2     2     3     2     2     2
     2     2     3     3     2     3     3     3     3     3     2     2
     2     2     2     2     2     2     3     2     2     2     3     2
     2     2     2     2     2     3     1     2     2     1     1     1
     1     2     3     3     2     1     1     2     1     1     1     3
     2     3     5     3     5     0     0     0     0     0     0     0
     0     0     0     0     0     0     0     0     0     0     0     0
     3 19364]
car
[    3     2     1     3     3     2     3     3     4     3     2     3
     3     1     3     3     3     3     3     3     3     3     3     3
     1     3     3     3     3     3     3     3     2     3     3     1
     3     3     3     3     3     3     3     3     3     3     1     1
     2     2     1     0     1     1     1     1     2     1     2     1
     1     1     1     1     1     1     1     1     1     1     1     1
     1     2     3     2     3     2     1     1     1     1     1     1
     1     1     1     1     1     1     1     1     1     1     1     1
     1     1     2     2     3     2     2     1     2     2     3     3
     3     3     3     3     3     3     1     3     3     3     4     3
     3     3     3     3     3     1     3     3     3     3     3     3
     3     3     2     2     1     3     2     1     2     2     2     2
     3     1     4     1     2     2     3     2     1     2     2     2
     0     3     1     2     2     1     2     2     1     3     2     1
     1 28705]
car
[    3     2     0     0     3     0     3     3     4     3     2     3
     3     1     3     3     3     3     3     3     3     3     3     3
     1     3     3     3     3     3     0     3     2     3     3     1
     3     3     0     0     3     0     0     3     0     3     1     1
     2     2     1     1     1     1     1     1     2     1     2     1
     1     1     1     1     0     0     0     0     1     1     0     0
     0     0     0     2     0     0     1     1     1     1     1     1
     1     1     1     1     0     1     1     1     1     1     1     1
     1     1     2     2     3     2     2     1     2     2     3     3
     3     3     3     3     3     3     1     3     3     3     4     3
     3     3     3     3     3     1     3     3     3     3     3     3
     3     3     2     2     1     3     2     1     2     2     2     2
     3     1     4     1     2     0     0     0     0     0     0     0
     0     0     1     0     0     0     0     0     0     0     0     0
     0 28715]
car
[    3     3     3     0     0     0     0     0     0     2     0     2
     1     3     2     1     1     2     1     1     2     2     2     2
     3     2     2     1     0     2     2     1     3     2     2     2
     0     2     2     2     2     2     2     2     2     2     2     2
     1     1     2     2     2     2     2     2     1     2     1     2
     2     2     2     2     2     2     2     2     2     2     2     2
     3     3     2     0     0     0     2     2     2     3     2     2
     2     2     2     0     2     2     2     2     3     2     2     2
     2     2     3     3     2     0     0     3     0     3     0     0
     2     2     2     2     2     2     3     2     2     2     3     2
     2     2     2     2     2     3     1     2     2     1     1     1
     1     2     3     3     2     1     1     2     1     1     0     0
     0     0     0     3     0     0     0     0     0     0     0     0
     0     0     3     0     0     0     0     0     0     0     0     0
     0 37666]
car
[    3     2     1     3     3     2     3     3     4     3     2     3
     3     1     3     3     3     3     3     3     3     3     3     3
     1     3     3     3     3     3     3     3     2     3     3     1
     3     3     0     0     3     0     3     3     0     3     1     1
     2     2     1     1     1     1     1     1     2     1     2     1
     1     0     0     1     1     1     0     1     1     1     1     1
     1     2     3     2     3     2     1     1     1     1     1     1
     1     1     0     1     1     1     1     1     1     1     1     1
     1     1     2     2     3     2     2     1     2     2     3     3
     3     3     3     3     3     3     1     3     3     3     4     3
     3     3     3     3     3     1     3     3     3     3     3     3
     3     3     2     2     1     3     2     1     2     2     2     2
     3     1     4     1     2     2     3     2     1     2     2     2
     4     3     1     2     2     1     2     2     1     3     2     1
     1 40311]
car
[    3     3     3     0     0     0     0     0     0     2     0     2
     1     3     2     1     1     2     1     1     2     2     2     2
     3     2     2     1     2     2     2     1     3     2     2     2
     2     2     2     2     2     2     2     2     2     2     2     2
     1     1     2     2     2     2     2     2     1     2     1     2
     2     2     2     2     2     2     2     2     2     2     2     2
     3     3     2     1     1     1     2     2     2     3     2     2
     2     2     2     2     2     2     2     2     3     2     2     2
     2     2     3     3     2     3     3     3     3     3     2     2
     2     2     2     2     2     2     3     2     2     2     3     2
     2     2     0     2     2     3     1     2     2     1     1     1
     1     2     3     3     2     1     1     2     1     1     1     0
     0     0     0     3     0     0     0     0     0     0     0     0
     0     0     3     0     0     0     0     0     0     0     0     0
     0 41455]
car
[    3     3     3     1     2     3     4     2     2     2     3     2
     1     3     2     1     1     2     1     1     2     2     2     2
     3     2     2     1     2     2     2     0     3     2     2     2
     2     2     2     2     2     2     2     2     2     0     2     2
     1     1     2     0     0     0     2     0     1     0     1     2
     0     2     2     0     2     2     0     0     2     0     0     2
     0     0     2     0     0     0     2     2     2     3     2     2
     2     2     0     2     0     2     2     0     0     0     2     2
     2     2     3     3     2     3     3     3     3     3     2     2
     2     2     2     2     2     2     0     2     2     2     3     2
     2     2     2     2     2     0     1     2     2     1     1     1
     1     0     3     3     0     1     1     2     1     1     1     3
     0     3     5     3     5     0     4     3     0     3     0     3
     0     0     3     0     0     0     0     0     0     0     0     3
     0 41525]
car
[    3     0     0     1     2     3     4     2     2     2     3     2
     1     0     2     1     1     2     1     1     2     2     2     2
     0     2     2     1     2     2     2     1     3     2     2     0
     2     2     2     2     2     2     2     2     2     2     0     2
     1     1     2     2     2     2     2     2     1     0     1     2
     2     0     0     0     0     0     0     0     0     0     0     0
     0     0     0     0     0     0     0     2     2     0     2     2
     2     2     2     2     2     2     2     2     0     2     2     2
     2     2     3     3     2     3     3     0     3     0     2     2
     2     2     2     2     2     2     0     2     2     2     3     2
     2     2     2     2     2     0     1     2     2     1     1     1
     1     2     3     3     0     1     1     0     1     0     1     3
     2     3     5     0     5     3     4     3     2     3     3     0
     3     0     0     0     0     0     0     0     0     0     3     3
     0 45746]
car
[    3     0     0     3     3     2     3     3     4     0     0     3
     3     0     0     3     3     3     3     3     3     0     3     3
     1     3     3     3     3     3     3     3     0     3     0     0
     0     0     0     0     0     0     0     0     0     3     1     1
     2     2     1     1     1     1     1     1     2     1     2     1
     1     0     1     1     0     0     0     1     0     0     0     0
     0     0     0     0     0     0     1     1     1     0     1     1
     1     1     1     1     1     1     1     1     0     1     1     1
     1     1     2     2     3     2     2     0     2     2     3     3
     3     3     3     3     3     3     0     3     3     3     4     3
     3     3     3     3     0     0     3     0     3     3     3     3
     3     3     2     2     0     3     2     1     2     2     2     2
     3     1     4     0     2     2     3     2     1     2     2     2
     4     3     0     2     2     1     2     2     1     3     2     1
     1 50075]
car
[    3     3     3     0     0     3     4     2     2     2     3     2
     1     0     2     1     1     2     1     1     2     2     2     2
     3     2     2     1     2     2     2     1     3     0     0     0
     2     2     2     2     2     2     2     0     0     2     2     0
     1     0     0     2     0     2     0     0     0     0     1     2
     2     2     2     2     2     2     2     2     0     2     2     2
     3     3     2     1     1     1     2     2     2     3     2     0
     2     2     2     0     0     0     2     2     3     0     2     2
     2     0     0     3     2     3     3     3     3     3     0     0
     0     2     2     2     2     2     3     2     2     2     3     2
     2     0     2     2     2     3     1     2     2     1     1     1
     1     2     3     3     2     1     1     2     1     1     1     3
     2     0     0     3     0     0     0     0     0     0     0     0
     0     0     3     0     0     0     0     0     0     0     0     0
     0 50233]
car
[    3     2     1     3     3     2     3     3     4     3     2     3
     3     1     3     3     3     3     3     3     3     3     3     3
     1     3     3     3     3     3     3     3     2     3     3     1
     0     0     0     0     0     0     0     0     0     3     1     1
     0     0     1     0     1     1     1     1     2     1     2     1
     1     0     1     1     1     1     1     1     1     1     1     1
     1     2     3     2     3     2     1     1     1     1     1     1
     1     1     1     1     1     1     1     1     1     1     1     1
     1     1     2     2     3     2     2     1     2     2     3     3
     3     3     3     3     3     3     1     3     3     3     4     3
     3     3     3     3     3     1     3     3     3     3     3     3
     3     3     2     2     1     3     2     1     2     2     2     2
     3     1     4     1     2     2     3     2     1     2     2     2
     4     3     1     2     2     1     2     2     1     3     2     1
     1 50286]
car
[    3     3     3     0     2     3     4     2     2     2     3     2
     1     3     2     1     1     2     1     1     2     2     2     2
     3     2     0     0     0     2     2     1     3     2     2     2
     2     2     2     2     2     2     2     2     2     2     2     2
     1     1     2     2     2     2     2     2     1     2     1     2
     2     2     2     2     2     2     2     2     2     2     2     2
     3     0     2     1     1     1     2     2     2     3     2     2
     2     2     2     2     2     2     2     2     3     2     2     2
     2     2     3     3     2     3     3     3     3     3     2     2
     2     2     2     2     2     2     3     2     2     2     3     2
     2     2     0     2     2     3     1     2     2     1     1     1
     1     2     3     3     2     0     0     0     0     1     1     3
     2     0     0     3     0     0     0     0     0     0     0     0
     0     0     3     0     0     0     0     0     0     0     0     3
     0 51420]
car
[    3     2     1     3     3     2     3     3     4     3     2     3
     3     1     3     3     3     3     3     3     3     3     3     3
     1     3     3     3     3     3     3     0     0     3     0     1
     0     0     0     0     0     0     0     0     0     0     1     1
     0     0     1     1     1     1     1     0     2     1     2     1
     1     0     1     1     1     1     0     1     1     1     1     1
     1     2     3     2     3     2     1     1     1     1     1     1
     1     1     1     1     1     1     1     1     1     1     1     1
     1     1     2     2     3     2     2     1     2     2     3     3
     0     3     3     3     3     3     1     3     3     3     4     3
     3     3     3     3     3     1     3     3     3     3     3     3
     3     3     2     2     1     3     2     1     2     2     2     2
     3     1     4     1     2     2     3     2     1     0     2     0
     4     0     1     2     2     1     2     2     1     0     2     1
     0 52778]
car
[    3     2     1     3     3     2     3     3     4     3     2     3
     3     1     3     3     3     3     3     3     3     3     3     3
     1     3     3     3     3     3     3     3     2     3     3     1
     3     3     0     0     3     0     0     3     0     3     1     1
     2     2     1     1     1     1     1     1     2     1     2     1
     1     1     1     1     1     1     1     0     1     0     0     0
     0     0     0     0     0     0     1     1     1     1     1     1
     1     1     1     1     1     1     1     1     1     1     1     1
     1     1     2     2     3     2     2     1     2     2     3     3
     3     3     3     3     3     3     1     3     3     3     4     3
     3     3     3     3     3     1     3     3     3     3     3     3
     3     3     2     2     1     3     2     1     2     2     2     2
     3     1     4     1     2     0     3     0     0     0     2     2
     0     0     1     2     0     1     0     0     0     3     2     1
     1 60503]
car
[    3     3     3     1     2     3     4     0     2     2     3     2
     1     3     2     1     1     2     1     1     2     2     2     2
     3     2     2     1     2     2     2     1     3     2     2     2
     2     0     2     2     0     0     2     2     2     2     2     2
     1     1     2     2     2     2     2     2     1     2     1     2
     2     2     2     2     2     2     2     2     2     2     2     2
     0     3     2     1     0     1     2     2     2     3     2     2
     2     2     2     2     2     2     2     2     3     2     2     2
     2     0     3     3     2     3     3     3     3     0     2     2
     2     2     2     2     2     2     3     2     2     2     3     2
     2     2     2     2     2     3     1     2     2     1     1     1
     1     2     3     3     2     1     1     2     1     1     1     3
     2     3     5     3     5     3     4     3     0     3     3     3
     3     0     0     4     0     0     0     0     0     0     3     3
     0 60574]
car
[    3     3     3     0     2     3     4     2     2     2     3     2
     1     3     2     1     1     2     1     1     2     2     2     2
     3     2     2     1     2     2     2     0     3     2     2     2
     2     2     2     2     2     2     2     0     2     2     2     2
     1     1     2     2     2     2     2     2     1     2     1     0
     2     0     2     0     0     0     2     2     2     0     2     0
     3     3     2     1     1     1     2     2     2     3     2     2
     2     2     2     2     2     2     2     2     3     2     2     2
     2     2     3     3     2     0     0     0     3     3     2     2
     2     2     2     2     2     2     3     2     2     2     3     2
     2     2     2     2     2     3     1     2     0     0     1     1
     1     2     3     3     2     1     1     2     1     1     0     3
     2     3     5     3     0     0     0     0     0     0     0     0
     0     0     3     0     0     0     0     0     0     0     0     0
     0 60628]
car
[    3     3     3     1     2     3     4     2     2     2     3     2
     1     0     2     1     1     0     0     1     2     2     0     0
     3     2     2     1     2     2     2     1     3     2     2     0
     2     2     2     0     2     2     2     2     2     2     2     2
     1     1     2     2     2     2     2     2     1     0     1     2
     2     2     0     2     2     2     2     2     2     0     0     0
     3     3     2     1     1     1     2     2     2     3     2     2
     0     0     2     2     0     2     0     0     3     0     0     0
     2     2     3     0     2     3     3     3     3     3     2     2
     2     2     2     2     2     2     3     2     2     0     3     0
     2     2     2     2     2     3     1     2     2     1     1     1
     1     0     3     3     2     1     1     2     1     1     0     3
     2     3     5     3     5     3     4     3     2     0     0     3
     0     0     0     0     0     0     0     0     0     0     3     3
     0 62299]
car
[    3     2     1     0     0     2     3     3     4     3     2     3
     3     1     3     3     3     3     3     3     3     3     3     3
     1     0     3     3     3     3     3     3     2     3     3     1
     3     3     3     3     3     3     3     3     3     3     1     1
     2     2     1     1     1     1     1     1     2     1     2     1
     1     1     1     1     1     1     1     0     1     1     1     0
     1     2     3     0     3     2     1     1     1     1     1     0
     1     1     1     1     1     1     1     1     1     1     1     1
     1     1     2     2     3     2     2     1     2     2     3     3
     0     0     3     3     3     0     1     0     3     3     4     0
     3     3     3     0     3     1     3     3     3     3     3     0
     0     0     0     2     1     3     2     1     2     2     2     2
     3     0     0     1     0     0     0     0     1     0     0     0
     0     0     1     0     0     0     0     0     0     0     0     0
     0 62721]
car
[    3     3     3     0     0     0     0     0     0     2     3     0
     1     3     0     0     1     0     1     1     2     2     2     2
     3     2     2     1     2     2     2     1     3     2     2     2
     2     2     2     0     2     2     2     2     2     2     2     2
     1     1     2     2     2     2     2     2     1     2     1     2
     2     2     2     2     2     2     2     2     2     2     2     2
     3     3     2     1     1     1     2     2     2     3     2     2
     2     2     2     2     2     2     2     2     3     2     2     2
     2     2     3     3     2     3     3     3     3     3     2     2
     2     2     2     2     2     2     3     0     2     2     3     2
     2     2     2     2     2     3     1     2     2     1     1     1
     1     2     3     3     2     0     1     2     1     0     1     0
     0     0     0     3     0     0     0     0     0     0     0     0
     0     0     3     0     0     0     0     0     0     0     0     0
     0 65435]
car
[    3     2     1     3     3     2     3     3     4     3     2     3
     3     1     3     3     3     3     3     3     0     3     3     0
     1     0     0     0     0     0     0     3     2     0     0     1
     3     3     0     0     3     3     3     3     3     0     1     1
     2     2     0     0     0     1     1     1     2     1     2     1
     1     1     1     1     1     0     0     1     1     0     0     0
     1     0     0     0     0     0     1     1     1     1     1     0
     1     1     1     1     1     1     1     1     0     1     1     1
     0     0     0     0     0     2     0     0     2     2     0     3
     3     0     0     3     3     0     1     0     0     3     0     0
     0     3     3     3     0     1     3     3     0     3     3     3
     3     3     2     0     1     3     2     1     2     2     2     2
     3     1     0     1     2     2     3     2     1     2     2     2
     4     3     1     2     2     1     2     2     1     3     2     1
     1 65452]
car
[    3     3     3     0     2     0     4     0     2     2     3     0
     1     3     2     1     1     2     1     1     2     2     2     2
     3     2     2     1     2     2     2     1     3     2     2     2
     2     2     2     2     2     2     2     2     2     2     2     2
     1     1     2     2     2     2     2     2     1     2     1     2
     2     2     2     2     2     2     2     2     2     2     2     2
     3     3     2     1     1     1     2     2     2     3     2     2
     2     2     2     2     2     2     2     0     3     2     2     2
     2     2     3     3     2     3     3     3     3     3     2     2
     2     2     2     0     2     2     3     2     2     2     3     2
     2     2     2     2     2     3     1     2     2     1     1     1
     1     2     3     3     2     1     1     2     1     1     1     0
     2     0     0     3     0     3     0     0     0     0     0     0
     0     0     3     0     0     0     0     0     0     0     0     0
     0 66400]
car
[    3     2     1     0     0     0     0     0     0     3     2     3
     3     1     3     3     3     3     3     3     3     3     3     3
     1     3     3     3     3     3     3     3     2     3     3     1
     3     3     0     0     3     0     0     3     0     3     1     1
     2     2     1     1     1     1     1     1     2     1     2     0
     1     0     0     1     1     1     1     1     1     1     1     1
     1     0     0     2     3     0     1     1     1     1     1     1
     1     1     1     1     1     1     1     1     1     1     1     1
     1     1     2     2     3     2     2     1     2     2     3     3
     3     3     3     3     3     3     1     3     3     3     4     3
     0     3     3     3     3     1     3     3     3     3     3     3
     3     3     2     2     1     3     2     1     2     2     0     0
     0     0     0     1     0     0     0     0     0     0     0     0
     0     0     1     0     0     0     0     0     0     0     0     0
     0 66628]
car
[    3     2     1     0     0     0     3     0     4     3     2     3
     3     1     3     3     3     3     3     3     3     3     3     3
     1     3     3     3     3     3     0     3     2     3     3     1
     0     3     3     3     3     3     3     3     3     3     1     1
     2     2     1     1     1     1     1     1     2     1     2     1
     1     1     1     1     1     1     1     1     1     1     1     1
     1     2     3     2     3     2     1     1     1     1     1     1
     1     1     1     1     1     1     0     1     1     1     1     1
     1     1     2     2     3     2     2     1     2     2     3     3
     3     3     3     3     3     3     1     3     3     3     4     0
     3     3     0     3     0     1     3     3     0     3     3     3
     3     3     2     2     1     3     2     1     2     2     2     0
     0     0     0     1     0     0     0     0     0     0     0     0
     0     0     1     0     0     0     0     0     0     0     0     0
     0 66632]
car
[    3     2     1     0     0     0     0     0     0     0     0     0
     0     1     3     3     3     3     3     3     3     3     3     3
     1     3     3     3     3     3     3     3     2     3     3     1
     3     3     3     3     3     3     3     3     3     3     1     1
     2     2     1     1     1     1     1     1     2     1     2     1
     1     1     1     1     1     1     1     1     1     1     1     1
     1     2     3     2     3     2     1     1     1     1     1     1
     1     1     1     1     1     1     1     1     1     1     1     1
     1     1     2     2     3     2     2     1     2     2     3     3
     3     3     3     3     3     3     1     3     3     3     4     3
     3     3     3     3     3     1     3     3     3     3     3     3
     3     3     2     2     1     0     0     1     2     0     0     0
     0     0     0     1     0     0     0     0     0     0     0     0
     0     0     1     0     0     0     0     0     0     0     0     0
     0 69772]
car
[    3     2     1     3     3     2     3     3     4     3     2     3
     3     1     3     3     3     3     3     3     3     3     3     3
     1     3     3     3     3     3     3     3     2     3     3     1
     3     3     3     0     3     3     3     3     3     3     1     1
     2     2     1     1     1     1     1     1     2     1     2     1
     1     1     1     0     1     1     1     1     1     1     1     1
     1     2     3     2     3     2     1     1     1     1     1     1
     1     1     1     0     1     1     1     1     1     1     1     1
     1     1     2     2     3     2     2     1     2     2     3     3
     3     3     3     3     3     3     1     3     3     3     4     0
     3     0     3     3     3     1     3     3     3     3     3     3
     3     3     2     2     1     3     2     1     2     2     2     2
     3     1     0     1     2     2     3     2     1     2     2     2
     4     3     1     2     2     1     2     2     1     3     0     1
     1 71395]
car
[    3     3     3     0     2     3     4     2     2     2     3     2
     1     0     2     1     1     2     1     1     2     2     2     2
     3     2     2     1     2     2     2     1     0     2     2     0
     2     2     2     2     2     2     2     2     2     2     2     2
     1     1     2     2     2     2     2     2     1     2     1     2
     2     2     2     2     2     2     2     2     2     2     2     2
     3     3     2     1     1     1     2     2     2     3     2     2
     2     2     2     2     2     2     2     2     3     2     2     2
     2     2     3     3     2     3     3     0     3     3     2     2
     2     2     0     0     2     2     3     2     2     2     3     2
     2     2     2     2     0     3     1     2     2     1     1     0
     1     2     3     3     2     1     1     2     1     1     1     3
     2     3     5     3     0     0     0     3     2     0     0     0
     0     0     3     0     0     0     0     0     0     0     3     0
     0 72298]
car
[    3     2     1     3     3     2     3     3     4     3     2     3
     3     1     3     3     3     3     3     3     3     3     3     3
     1     3     3     3     3     3     3     3     2     3     3     1
     3     3     3     3     3     3     3     3     3     3     1     1
     2     2     1     1     1     1     1     1     2     1     2     1
     1     1     1     1     1     1     1     1     1     1     1     1
     1     2     3     2     3     2     1     1     1     1     1     1
     1     1     1     1     1     1     1     1     0     1     1     1
     1     1     2     2     3     2     2     1     2     2     3     3
     3     3     3     3     3     3     1     3     3     3     4     3
     3     3     3     3     3     1     3     3     3     3     3     3
     3     3     2     2     1     3     2     1     2     2     2     2
     3     1     4     1     2     2     3     2     0     2     2     0
     4     3     1     2     0     0     0     2     0     3     2     1
     1 72322]