170
book
[ 74   0   0   0   0   0   0   0   0   0   0   0   0   0   0   0   2   0
   0   0   0   0   0   3   0   1   0   0   0   0   2   0   1   1   0   3
   0   4   4   3   0   3   3   0   3   3   4   3   3   5   4   5   3   3
   0   3   5   1   3   1   2   2   1   1   4   3   0   2   2   3   1   2
   2   0   0 113]
book
[ 74   0   0   0   0   0   0   0   0   0   0   0   0   0   0   4   0   0
   0   0   0   0   0   3   0   1   0   0   0   3   2   3   1   1   0   3
   1   4   4   3   3   3   3   0   0   3   4   3   3   0   4   0   3   3
   0   3   5   1   3   0   2   2   1   1   0   3   0   0   2   3   0   0
   0   0   0 165]
book
[ 74   0   0   0   0   0   0   0   0   0   0   0   0   0   0   0   0   0
   0   0   0   0   0   0   0   0   0   0   0   0   2   0   0   0   0   2
   0   0   0   0   0   0   0   0   0   2   0   0   0   5   0   5   0   0
   0   4   0   0   0   0   0   0   1   4   0   3   0   2   2   3   1   0
   0   0   0 182]
book
[ 74   0   0   0   0   0   0   0   0   0   0   0   0   0   0   0   0   0
   0   0   0   0   0   3   0   1   0   0   0   0   2   0   1   1   0   2
   1   4   4   3   3   3   3   0   3   2   4   3   3   5   4   5   3   0
   0   3   5   1   3   1   2   2   1   1   4   3   0   2   2   3   1   2
   0   0   0 188]
book
[ 74   0   0   0   0   0   0   0   0   0   0   0   0   0   0   0   0   0
   0   0   0   0   0   0   0   0   0   0   0   0   2   0   0   0   0   2
   0   0   4   3   1   3   3   0   3   2   2   0   3   2   2   5   2   3
   0   4   5   2   3   3   4   2   1   4   4   3   0   3   2   3   0   2
   2   0   0 248]
book
[ 74   0   0   0   0   0   0   0   0   0   0   0   0   0   0   0   0   0
   0   0   0   0   0   0   0   0   0   0   0   0   2   0   0   0   0   2
   0   0   2   0   1   1   1   0   0   0   2   0   1   2   2   4   3   1
   0   0   4   0   3   0   0   2   0   0   4   0   0   0   2   3   0   0
   0   0   0 327]
book
[ 74   0   0   0   0   0   0   0   0   0   0   0   0   0   0   0   0   0
   0   0   0   0   0   3   0   1   0   0   0   0   2   0   1   1   0   2
   1   1   4   3   3   3   3   0   3   2   4   3   3   5   4   5   3   3
   0   3   5   1   3   1   2   2   1   4   4   3   0   2   2   3   1   2
   2   0   0 351]
book
[  74    0    0    0    0    0    0    0    0    0    0    0    0    0
    0    5    0    0    0    0    0    0    0    0    0    0    0    0
    0    0    0    0    0    0    0    0    1    0    4    0    0    0
    0    0    0    0    4    0    0    0    0    0    0    0    0    0
    5    0    3    0    0    2    0    0    4    0    0    2    2    3
    1    0    2    0    0 1071]
book
[  74    0    0    0    0    0    0    0    0    0    0    0    0    0
    0    0    0    0    0    0    0    0    0    0    0    0    0    0
    0    0    0    0    0    0    0    0    0    0    0    0    0    0
    0    0    3    2    0    0    0    5    1    0    0    1    0    4
    0    0    0    0    4    2    0    4    0    3    0    3    0    3
    3    2    0    0    0 1076]
book
[  74    0    0    0    0    0    0    0    0    0    0    0    0    0
    0    4    0    0    0    0    0    0    0    3    0    1    0    0
    0    0    2    0    1    1    0    3    1    4    4    3    3    3
    3    0    3    3    4    3    0    5    4    5    0    0    0    3
    5    1    0    0    0    2    1    0    4    0    0    0    0    3
    1    0    0    0    0 1841]
book
[  74    0    0    0    0    0    0    0    0    0    0    0    0    0
    0    0    0    0    0    0    0    0    0    0    0    1    0    0
    0    0    0    0    0    0    0    3    0    0    0    0    1    0
    0    0    0    0    0    0    0    0    0    0    0    0    0    0
    5    0    0    0    0    0    1    0    0    0    0    0    2    3
    1    2    0    0    0 1850]
book
[  74    0    0    0    0    0    0    0    0    0    0    0    0    0
    0    0    0    0    0    0    0    0    0    0    0    0    0    0
    0    0    0    0    0    0    0    0    0    0    4    3    0    0
    3    0    0    2    0    0    0    0    0    0    3    0    0    0
    5    0    0    3    0    0    0    0    0    0    0    0    2    3
    1    0    2    0    0 1859]
book
[  74    0    0    0    0    0    0    0    0    0    0    0    0    0
    0    0    0    0    0    0    0    0    0    0    0    1    0    0
    0    0    2    0    0    0    0    2    1    1    4    0    3    3
    3    0    3    2    4    0    3    5    2    5    3    3    0    3
    5    1    3    3    4    2    1    4    4    3    0    2    2    3
    1    2    0    0    0 1860]
book
[  74    0    0    0    0    0    0    0    0    0    0    0    0    0
    0    0    0    0    0    0    0    0    0    0    0    0    0    0
    0    0    0    0    0    0    0    0    0    0    0    0    0    0
    0    0    0    0    0    0    0    0    0    0    0    3    0    4
    0    0    0    3    4    0    2    4    0    3    0    3    2    0
    0    2    2    0    0 2008]
book
[  74    0    0    0    0    0    0    0    0    0    0    0    0    0
    0    0    0    0    0    0    0    0    0    0    0    0    0    0
    0    0    0    0    0    0    0    0    0    0    0    0    3    1
    2    0    0    1    0    0    0    0    0    4    0    0    0    0
    0    0    1    0    0    0    0    0    0    0    0    0    0    0
    0    0    0    0    0 2031]
book
[  74    0    0    0    0    0    0    0    0    0    0    0    0    0
    0    0    0    0    0    0    0    0    0    0    0    0    0    0
    0    1    0    0    0    0    0    0    0    0    0    0    0    0
    0    0    0    3    0    2    0    0    0    0    0    0    0    0
    0    0    0    0    0    0    0    0    0    0    0    0    0    0
    0    0    0    0    0 2041]
book
[  74    0    0    0    0    0    0    0    0    0    0    0    0    0
    0    0    0    0    0    0    0    0    0    0    0    0    0    0
    0    0    0    0    0    0    0    0    0    0    0    0    0    3
    0    0    0    2    2    1    2    4    2    0    0    0    0    0
    5    2    3    3    0    0    0    4    4    3    0    3    2    3
    2    2    2    0    0 2091]
book
[  74    0    0    0    0    0    0    0    0    0    0    0    0    0
    0    5    2    0    0    0    0    0    0    3    0    1    0    0
    0    0    2    0    1    1    0    2    1    4    4    0    3    3
    3    0    3    3    4    0    3    5    4    5    3    3    0    3
    5    1    3    1    2    2    1    1    4    3    0    2    2    3
    0    0    0    0    0 2538]
book
[  74    0    0    0    0    0    0    0    0    0    0    0    0    0
    0    0    0    0    0    0    0    0    0    0    0    0    0    0
    0    0    0    0    0    0    0    0    0    0    0    1    0    0
    0    0    0    0    0    0    1    2    0    0    0    0    0    0
    0    0    0    0    0    0    0    0    0    0    0    0    0    0
    0    0    0    0    0 2609]
book
[  74    0    0    0    0    0    0    0    0    0    0    0    0    0
    0    0    0    0    0    0    0    0    0    0    0    0    0    0
    0    0    0    0    0    0    0    0    0    0    2    1    0    0
    0    0    1    0    0    1    0    1    1    0    1    2    0    0
    4    0    0    0    1    0    0    2    4    0    0    0    2    3
    0    0    0    0    0 2613]
book
[  74    0    0    0    0    0    0    0    0    0    0    0    0    0
    0    0    0    0    0    0    0    0    0    0    0    0    0    0
    0    0    0    0    0    0    0    0    0    0    0    1    0    1
    0    0    0    0    0    0    0    1    1    0    0    0    0    0
    0    0    0    0    0    0    0    0    0    0    0    0    0    0
    0    0    0    0    0 2617]
book
[  74    0    0    0    0    0    0    0    0    0    0    0    0    0
    0    0    0    0    0    0    0    0    0    0    0    0    0    0
    0    0    0    0    0    0    0    0    0    0    0    0    0    0
    0    0    0    0    0    0    0    0    0    0    0    0    0    0
    0    0    0    0    0    0    1    3    0    0    0    2    0    0
    0    0    0    0    0 2657]
book
[  74    0    0    0    0    0    0    0    0    0    0    0    0    0
    0    0    0    0    0    0    0    0    0    0    0    0    0    0
    0    0    0    0    1    0    0    0    0    0    0    0    0    0
    0    0    0    0    0    0    1    0    0    0    0    1    0    0
    3    0    0    0    0    0    0    0    0    0    0    0    0    0
    0    0    0    0    0 2658]
book
[  74    0    0    0    0    0    0    0    0    0    0    0    0    0
    0    0    0    0    0    0    0    0    0    0    0    0    0    0
    0    0    0    0    0    0    0    0    0    0    0    0    0    0
    0    0    0    1    0    0    1    1    1    0    1    1    0    2
    3    0    0    0    0    0    0    0    4    0    0    0    2    3
    0    2    0    0    0 2752]
book
[  74    0    0    0    0    0    0    0    0    0    0    0    0    0
    0    0    0    0    0    0    0    0    0    0    0    1    0    0
    0    0    2    0    0    0    0    2    1    1    4    3    3    3
    3    0    3    2    4    0    3    5    4    5    3    3    0    3
    5    1    3    1    3    2    0    4    4    0    0    2    0    3
    0    2    0    0    0 2762]
book
[  74    0    0    0    0    0    0    0    0    0    0    0    0    0
    0    0    0    0    0    0    0    0    0    0    0    0    0    0
    0    0    0    0    0    0    0    0    0    0    0    0    0    0
    0    0    0    0    0    0    0    1    1    0    0    2    0    0
    0    0    0    0    0    0    0    2    4    0    0    0    0    3
    0    0    0    0    0 2766]
book
[  74    0    0    0    0    0    0    0    0    0    0    0    0    0
    0    0    0    0    0    0    0    0    0    0    0    0    0    0
    0    0    0    0    0    0    0    0    0    0    0    0    0    0
    0    0    0    2    0    0    0    0    2    0    2    0    0    4
    0    0    0    0    4    2    1    4    0    3    0    0    0    3
    0    0    2    0    0 2810]
book
[  74    0    0    0    0    0    0    0    0    0    0    0    0    0
    0    0    0    0    0    0    0    0    0    0    0    0    0    0
    0    0    0    0    0    0    0    0    0    0    0    0    0    0
    0    0    0    0    0    0    0    2    2    0    3    1    0    0
    3    0    0    0    0    2    0    0    4    3    0    0    2    3
    0    2    0    0    0 2813]
book
[  74    0    0    0    0    0    0    0    0    0    0    0    0    0
    0    0    0    0    0    0    0    0    0    0    0    0    0    0
    0    0    0    0    0    0    0    0    0    0    0    0    0    0
    3    0    0    0    2    0    0    0    0    5    2    0    0    4
    5    2    3    3    4    0    0    4    4    3    0    3    2    3
    2    2    2    0    0 2868]
book
[  74    0    0    0    0    0    0    0    0    0    0    0    0    0
    0    0    0    0    0    0    0    0    0    0    0    0    0    0
    0    0    0    0    0    0    0    0    0    0    0    0    0    0
    0    0    1    0    0    0    0    2    2    1    3    0    0    0
    3    0    3    0    0    2    0    0    4    3    0    0    2    3
    0    2    0    0    0 2870]
book
[  74    0    0    0    0    0    0    0    0    0    0    0    0    0
    0    0    0    0    0    0    0    0    0    0    0    0    0    0
    0    0    0    0    0    0    0    0    0    1    0    0    0    0
    0    0    0    0    0    0    0    0    0    0    0    0    0    0
    0    0    0    0    0    0    0    0    0    0    0    0    0    3
    0    0    0    0    0 2873]
book
[  74    0    0    0    0    0    0    0    0    0    0    0    0    0
    0    0    0    0    0    0    0    0    0    0    0    0    0    0
    0    0    0    0    1    1    0    2    1    1    0    3    0    0
    0    0    0    2    0    3    3    5    4    5    3    3    0    3
    5    1    3    1    2    2    1    1    4    3    0    2    2    3
    1    2    2    0    0 2888]
book
[  74    0    0    0    0    0    0    0    0    0    0    0    0    0
    0    0    0    0    0    0    0    0    0    0    0    0    0    0
    0    0    2    0    0    0    0    3    1    0    4    3    3    3
    3    0    0    2    4    3    3    5    4    5    3    3    0    3
    5    1    3    1    2    2    1    1    4    3    0    2    2    3
    1    2    2    0    0 2889]
book
[  74    0    0    0    0    0    0    0    0    0    0    0    0    0
    0    0    0    0    0    0    0    0    0    0    0    0    0    0
    0    0    0    0    0    0    0    0    0    0    0    0    0    0
    0    0    0    0    0    0    0    0    0    0    0    1    0    0
    0    0    0    0    0    0    0    0    0    3    0    2    2    3
    0    0    0    0    0 2893]
book
[  74    0    0    0    0    0    0    0    0    0    0    0    0    0
    0    0    0    0    0    0    0    0    0    0    0    0    0    0
    0    0    2    0    0    0    0    0    0    0    0    0    3    2
    0    0    0    0    4    0    0    5    0    5    0    3    0    0
    0    0    3    0    3    2    1    3    4    3    0    2    2    3
    1    2    2    0    0 2895]
book
[  74    0    0    0    0    0    0    0    0    0    0    0    0    0
    0    0    0    0    0    0    0    0    0    0    0    0    0    0
    0    0    0    0    0    0    0    0    0    0    4    0    0    0
    3    0    3    2    4    0    3    5    4    5    3    3    0    3
    5    1    3    2    4    2    1    4    4    3    0    2    2    3
    1    2    2    0    0 2897]
book
[  74    0    0    0    0    0    0    0    0    0    0    0    0    0
    0    0    0    0    0    0    0    0    0    3    0    1    0    0
    0    0    0    0    0    0    0    3    0    0    0    0    1    0
    0    0    0    0    0    0    0    0    0    0    0    0    0    0
    0    0    0    0    0    0    0    0    0    0    0    0    0    0
    1    2    2    0    0 2901]
book
[  74    0    0    0    0    0    0    0    0    0    0    0    0    0
    0    0    0    0    0    0    0    0    0    0    0    0    0    0
    0    0    0    0    0    0    0    0    0    0    0    0    0    0
    0    0    0    0    0    0    0    4    0    0    0    0    0    0
    0    0    0    0    0    0    0    0    0    0    0    0    0    0
    0    0    0    0    0 2904]
book
[  74    0    0    0    0    0    0    0    0    0    0    0    0    0
    0    0    0    0    0    0    0    0    0    0    0    0    0    0
    0    0    0    0    0    0    0    0    0    0    0    0    0    0
    0    0    0    0    0    0    0    2    2    0    0    0    0    0
    0    0    0    0    0    0    0    0    0    0    0    0    0    0
    0    0    0    0    0 2906]
book
[  74    0    0    0    0    0    0    0    0    0    0    0    0    0
    0    0    0    0    0    0    0    0    0    0    0    0    0    0
    0    0    0    0    0    0    0    0    0    0    0    0    0    0
    0    0    1    0    0    1    1    0    0    0    1    2    0    2
    0    0    0    0    1    0    0    2    4    0    0    0    2    0
    0    0    0    0    0 2998]
book
[  74    0    0    0    0    0    0    0    0    0    0    0    0    0
    0    0    0    0    0    0    0    0    0    0    0    0    0    0
    0    0    0    0    0    0    0    0    0    0    4    0    0    3
    3    0    0    3    0    3    3    5    4    5    0    0    0    3
    0    1    3    0    2    0    1    1    0    0    0    2    2    3
    1    0    0    0    0 3002]
book
[  74    0    0    0    0    0    0    0    0    0    0    0    0    0
    0    0    0    0    0    0    0    0    0    0    0    0    0    0
    0    0    0    0    0    0    0    0    0    0    0    0    0    0
    0    0    0    0    2    0    0    0    0    0    0    0    0    4
    0    0    0    0    0    0    2    0    0    0    0    3    0    0
    3    0    0    0    0 3046]
book
[  74    0    0    0    0    0    0    0    0    0    0    0    0    0
    0    0    0    0    0    0    0    0    0    0    0    0    0    0
    0    0    0    0    0    0    0    0    0    0    0    0    0    0
    0    0    0    0    0    0    0    0    1    0    0    0    0    0
    0    0    0    0    1    0    0    0    0    0    0    0    0    0
    0    0    0    0    0 3048]
book
[  74    0    0    0    0    0    0    0    0    0    0    0    0    0
    0    0    0    0    0    0    0    0    0    0    0    0    0    0
    0    0    0    0    0    0    0    0    0    0    0    0    0    0
    0    0    0    0    0    0    0    0    0    0    0    0    0    0
    0    0    0    0    0    0    0    0    0    0    0    0    2    0
    0    2    0    0    0 3053]
book
[  74    0    0    0    0    0    0    0    0    0    0    0    0    0
    0    0    0    0    0    0    0    0    0    0    0    0    0    0
    0    0    0    0    0    0    0    0    0    0    0    0    0    0
    0    0    0    0    0    0    0    0    0    0    0    0    0    0
    0    0    0    0    0    0    0    0    4    0    0    0    0    0
    0    0    0    0    0 3149]
book
[  74    0    0    0    0    0    0    0    0    0    0    0    0    0
    0    0    0    0    0    0    0    0    0    0    0    0    0    0
    0    0    0    0    0    0    0    0    0    0    0    3    0    0
    0    0    0    0    0    0    0    0    0    0    0    0    0    0
    5    0    0    0    0    0    0    0    0    0    0    2    0    0
    0    0    0    0    0 3150]
book
[  74    0    0    0    0    0    0    0    0    0    0    0    0    0
    0    0    0    0    0    0    0    0    0    0    0    0    0    0
    0    0    0    0    0    0    0    0    0    0    0    0    0    0
    0    0    1    0    0    1    1    1    0    4    0    0    0    2
    4    0    3    0    0    0    0    0    4    0    0    0    2    3
    0    2    0    0    0 3160]
book
[  74    0    0    0    0    0    0    0    0    0    0    0    0    0
    0    0    0    0    0    0    0    0    0    0    0    0    0    0
    0    0    0    0    0    0    0    0    0    0    0    0    0    0
    0    0    1    0    0    1    1    1    1    4    0    2    0    2
    0    0    0    0    1    0    0    2    0    0    0    0    0    0
    0    0    0    0    0 3166]
book
[  74    0    0    0    0    0    0    0    0    0    0    0    0    0
    0    0    0    0    0    0    0    0    0    0    0    0    0    0
    0    0    2    0    1    1    0    0    1    4    4    0    3    3
    3    0    3    3    4    3    3    5    0    0    0    0    0    0
    5    0    3    0    2    0    0    1    0    0    0    2    2    0
    1    0    0    0    0 3173]
book
[  74    0    0    0    0    0    0    0    0    0    0    0    0    0
    0    0    0    0    0    0    0    0    0    0    0    0    0    0
    0    0    0    0    0    0    0    0    0    0    4    0    0    0
    0    0    0    0    0    0    0    5    2    0    3    0    0    3
    3    1    0    0    2    0    1    1    0    2    0    2    0    3
    0    0    0    0    0 3185]
book
[  74    0    0    0    0    0    0    0    0    0    0    0    0    0
    0    0    0    0    0    0    0    0    0    0    0    0    0    0
    0    0    0    0    0    0    0    0    0    0    0    0    0    0
    0    0    0    0    0    0    0    0    1    0    0    0    0    0
    0    0    0    0    0    0    0    4    0    0    0    0    0    0
    3    0    0    0    0 3192]
book
[  74    0    0    0    0    0    0    0    0    0    0    0    0    0
    0    0    0    0    0    0    0    0    0    0    0    0    0    0
    0    0    0    0    0    0    0    0    0    0    0    0    0    0
    0    0    0    0    0    0    0    0    0    0    0    0    0    0
    0    0    3    0    0    0    0    0    4    0    0    0    2    0
    0    2    0    0    0 3250]
book
[  74    0    0    0    0    0    0    0    0    0    0    0    0    0
    0    0    0    0    0    0    0    0    0    0    0    0    0    0
    0    0    0    0    0    0    0    0    0    0    0    0    0    0
    0    0    0    0    0    0    0    0    0    0    0    0    0    0
    0    0    1    0    0    0    0    0    0    0    0    0    0    0
    0    0    0    0    0 3253]
book
[  74    0    0    0    0    0    0    0    0    0    0    0    0    0
    0    0    0    0    0    0    0    0    0    0    0    0    0    0
    0    0    0    0    0    0    0    2    0    0    0    0    0    0
    3    0    0    2    0    0    3    0    2    0    2    3    0    4
    5    2    3    3    4    2    1    4    4    3    0    0    2    3
    0    2    0    0    0 3254]
book
[  74    0    0    0    0    0    0    0    0    0    0    0    0    0
    0    0    0    0    0    0    0    0    0    0    0    0    0    0
    0    0    0    0    0    0    0    0    0    0    4    3    1    0
    0    0    0    0    0    0    0    0    0    0    0    0    0    4
    0    0    3    0    4    0    1    0    0    3    0    2    0    0
    0    0    2    0    0 3256]
book
[  74    0    0    0    0    0    0    0    0    0    0    0    0    0
    0    0    0    0    0    0    0    0    0    0    0    0    0    0
    0    0    0    0    0    0    0    0    0    0    0    0    0    0
    0    0    0    0    0    0    0    0    0    0    0    0    0    0
    0    0    0    0    0    0    0    0    0    0    0    0    0    0
    0    0    0    0    0 3260]
book
[  74    0    0    0    0    0    0    0    0    0    0    0    0    0
    0    0    0    0    0    0    0    0    0    0    0    0    0    0
    0    0    0    0    0    0    0    0    0    0    0    0    0    0
    0    0    0    0    0    0    0    1    0    1    0    0    0    2
    3    0    0    0    1    0    0    0    0    0    0    0    0    0
    0    0    0    0    0 3265]
book
[  74    0    0    0    0    0    0    0    0    0    0    0    0    0
    0    0    0    0    0    0    0    0    0    0    0    0    0    0
    0    0    0    0    0    0    0    0    0    0    0    0    0    0
    0    0    0    0    4    0    0    5    0    0    0    3    0    0
    5    0    0    1    0    0    0    0    0    0    0    2    0    0
    0    0    0    0    0 3266]
book
[  74    0    0    0    0    0    0    0    0    0    0    0    0    0
    0    0    0    0    0    0    0    0    0    0    0    0    0    0
    0    0    0    0    0    0    0    0    0    0    0    0    0    0
    0    0    0    1    0    0    0    0    0    0    0    0    0    0
    0    0    0    0    0    0    0    0    0    0    0    0    2    0
    0    0    0    0    0 3273]
book
[  74    0    0    0    0    0    0    0    0    0    0    0    0    0
    0    0    0    0    0    0    0    0    0    0    0    0    0    0
    0    0    0    0    0    0    0    0    0    0    0    0    0    0
    0    0    0    0    3    1    0    0    0    4    0    0    0    0
    0    0    1    0    0    0    0    0    0    0    0    0    0    0
    0    0    0    0    0 3278]
book
[  74    0    0    0    0    0    0    0    0    0    0    0    0    0
    0    0    0    0    0    0    0    0    0    0    0    0    0    0
    0    0    0    0    0    0    0    0    0    0    0    0    0    0
    0    0    0    0    0    0    0    0    0    0    0    0    0    0
    0    0    0    0    0    0    0    0    4    0    0    0    0    0
    0    2    0    0    0 3279]
book
[  74    0    0    0    0    0    0    0    0    0    0    0    0    0
    0    0    0    0    0    0    0    0    0    0    0    0    0    0
    0    0    0    0    0    0    0    0    0    0    2    1    0    1
    2    0    1    1    3    1    1    1    1    4    0    2    0    2
    4    0    0    0    1    0    0    2    0    0    0    0    0    0
    0    0    0    0    0 3297]
book
[  74    0    0    0    0    0    0    0    0    0    0    0    0    0
    0    0    0    0    0    0    0    0    0    0    0    0    0    0
    0    0    0    0    0    0    0    2    0    0    0    0    0    0
    0    0    0    0    2    0    0    0    0    0    0    0    0    0
    0    0    0    3    4    0    2    0    0    0    0    0    0    0
    3    2    0    0    0 3305]
book
[  74    0    0    0    0    0    0    0    0    0    0    0    0    0
    0    0    0    0    0    0    0    0    0    0    0    0    0    0
    0    0    0    0    0    0    0    0    0    0    0    0    0    0
    3    0    1    1    0    1    1    1    1    4    0    2    0    2
    4    0    3    0    1    0    0    0    4    0    0    0    2    3
    0    0    0    0    0 3319]
book
[  74    0    0    0    0    0    0    0    0    0    0    0    0    0
    0    0    0    0    0    0    0    0    0    0    0    0    0    0
    0    0    0    0    0    0    0    0    0    0    2    0    0    0
    0    0    1    0    0    0    1    2    3    4    0    2    0    0
    4    0    0    0    1    0    0    0    0    0    0    0    0    0
    0    0    0    0    0 3652]
book
[  74    0    0    0    0    0    0    0    0    0    0    0    0    0
    0    0    0    0    0    0    0    0    0    0    0    0    0    0
    0    0    0    0    0    0    0    0    0    0    0    0    0    0
    0    0    0    0    0    1    0    5    0    0    2    0    0    0
    0    2    2    3    4    1    0    0    3    2    0    3    1    2
    0    1    3    0    0 3662]
book
[  74    0    0    0    0    0    0    0    0    0    0    0    0    0
    0    0    0    0    0    0    0    0    0    0    0    0    0    0
    0    0    0    0    0    0    0    0    0    0    0    0    0    0
    0    0    0    0    0    0    0    0    0    4    0    0    0    2
    0    0    0    0    0    0    0    0    0    0    0    0    0    0
    0    0    0    0    0 3750]
book
[  74    0    0    0    0    0    0    0    0    0    0    0    0    0
    0    0    0    0    0    0    0    0    0    0    0    0    0    0
    0    0    0    0    0    0    0    0    0    0    0    0    0    0
    0    0    0    1    3    0    0    0    0    0    0    0    0    2
    0    0    0    0    0    0    0    0    0    0    0    0    0    0
    0    0    0    0    0 3751]
book
[  74    0    0    0    0    0    0    0    0    0    0    0    0    0
    0    0    0    0    0    0    0    0    0    0    0    0    0    0
    0    0    0    0    0    0    0    0    0    0    0    0    0    0
    0    0    0    0    1    0    0    0    0    0    0    0    0    0
    0    0    0    0    0    1    0    3    3    0    0    0    0    2
    3    1    0    0    0 3755]
book
[  74    0    3    3    3    3    3    2    4    3    4    4    3    0
    1    3    3    1    0    2    2    2    3    2    2    2    0    1
    0    0    0    0    0    0    2    0    0    0    0    0    0    0
    0    1    0    0    0    0    0    0    0    0    0    0    0    0
    0    0    0    0    0    0    0    0    0    0    4    0    0    0
    0    0    0    3    2 3797]
book
[  74    2    0    1    3    3    3    0    0    3    4    4    3    0
    2    3    3    2    2    3    2    2    1    3    2    3    0    1
    0    0    0    0    0    0    1    0    0    0    0    0    0    0
    0    3    0    0    0    0    0    0    0    0    0    0    2    0
    0    0    0    0    0    0    0    0    0    0    4    0    0    0
    0    0    0    3    2 3830]
book
[  74    0    0    0    0    0    0    0    0    0    0    0    0    0
    0    0    0    2    2    0    0    0    0    2    2    2    0    0
    0    0    0    0    0    0    0    0    0    0    0    0    0    0
    0    0    0    0    0    0    0    0    0    0    0    0    0    0
    0    0    0    0    0    0    0    0    0    0    0    0    0    0
    0    0    0    0    0 3903]
book
[  74    0    0    0    0    0    0    0    0    0    0    0    0    0
    0    0    0    0    0    0    0    0    0    0    0    0    0    0
    0    0    0    0    0    0    0    0    0    0    4    0    3    0
    0    0    0    0    0    0    0    0    0    0    0    0    0    0
    0    0    0    0    0    0    0    0    0    0    0    0    0    0
    0    0    0    0    0 3920]
book
[  74    0    0    0    0    0    0    0    0    0    0    0    0    0
    0    0    0    0    2    2    2    2    3    2    2    2    0    1
    0    0    0    0    0    0    0    0    0    0    0    0    0    0
    0    0    0    0    0    0    0    0    0    0    0    0    0    0
    0    0    0    0    0    0    0    0    0    0    0    0    0    0
    0    0    0    0    0 3921]
book
[  74    3    3    3    3    3    3    2    4    3    4    4    3    0
    2    0    3    2    2    1    1    2    3    2    0    0    0    0
    0    0    0    0    0    0    2    0    0    0    0    0    0    0
    0    1    0    0    0    0    0    0    0    0    0    0    0    0
    0    0    0    0    0    0    0    0    0    0    4    0    0    0
    0    0    0    3    2 3929]
book
[  74    0    3    3    3    0    0    0    0    3    4    0    0    0
    1    3    3    1    0    2    1    2    0    2    0    2    0    1
    0    0    0    0    0    0    0    0    0    0    0    0    0    0
    0    0    0    0    0    0    0    0    0    0    0    0    0    0
    0    0    0    0    0    0    0    0    0    0    0    0    0    0
    0    0    0    0    2 3978]
book
[  74    0    0    0    0    0    0    0    0    0    0    4    3    0
    1    3    3    0    2    1    1    2    0    2    0    0    0    0
    0    0    0    0    0    0    0    0    0    0    0    0    0    0
    0    0    0    0    0    0    0    0    0    0    0    0    0    0
    0    0    0    0    0    0    0    0    0    0    0    0    0    0
    0    0    0    0    0 4031]
book
[  74    0    0    0    0    0    0    0    0    0    0    0    0    0
    0    3    0    0    0    3    2    2    0    2    2    3    4    2
    2    0    0    0    0    0    0    0    0    0    0    0    0    0
    0    0    0    0    0    0    0    0    0    0    0    0    0    0
    0    0    0    0    0    0    0    0    0    0    0    0    0    0
    0    0    0    0    0 4107]
book
[  74    0    2    0    2    3    2    1    3    2    0    4    0    0
    1    3    3    2    0    0    2    0    0    3    2    3    0    2
    2    2    1    1    1    0    0    0    0    0    0    0    0    0
    0    0    0    0    0    0    0    0    0    0    0    0    2    0
    0    0    0    0    0    0    0    0    0    0    4    0    0    0
    0    0    0    3    0 4108]
book
[  74    0    0    0    0    0    0    0    0    0    0    0    0    0
    0    0    3    0    0    3    0    2    0    0    0    3    0    2
    2    2    1    1    0    0    0    0    0    0    0    0    0    0
    0    0    0    0    0    0    0    0    0    0    0    0    0    0
    0    0    0    0    0    0    0    0    0    0    0    0    0    0
    0    0    0    0    0 4141]
book
[  74    3    3    3    3    3    3    2    4    3    4    4    3    0
    1    3    3    2    2    0    0    2    0    0    0    0    0    0
    0    0    0    0    0    0    2    0    0    0    0    0    0    0
    0    1    0    0    0    0    0    0    0    0    0    0    0    0
    0    0    0    0    0    0    0    0    0    0    4    0    0    0
    0    0    0    3    2 4175]
book
[  74    0    3    3    3    3    3    2    4    3    4    4    3    3
    2    3    3    2    0    1    0    0    0    0    0    0    0    0
    0    0    0    0    0    0    0    0    0    0    0    0    0    0
    0    1    0    0    0    0    0    0    0    0    0    0    0    0
    0    0    0    0    0    0    0    0    0    0    0    0    0    0
    0    0    0    0    2 4198]
book
[  74    0    0    0    0    0    0    0    0    0    0    0    0    0
    0    3    3    2    0    3    0    0    0    3    2    3    0    2
    0    2    1    1    1    0    0    0    0    0    0    0    0    0
    0    0    0    0    0    0    0    0    0    0    0    0    0    0
    0    0    0    0    0    0    0    0    0    0    0    0    0    0
    0    0    0    0    0 4202]
book
[  74    3    3    3    3    3    3    2    4    3    0    4    3    0
    2    3    0    2    2    1    0    0    0    0    0    0    0    0
    0    0    0    0    0    0    0    0    0    0    0    0    0    0
    0    1    0    0    0    0    0    0    0    0    0    0    3    0
    0    0    0    0    0    0    0    0    0    0    0    0    0    0
    0    0    0    0    2 4212]
book
[  74    0    0    0    0    0    0    0    0    0    0    0    0    0
    0    0    0    2    0    3    2    0    0    0    0    0    1    0
    0    2    0    0    0    0    0    0    0    0    0    0    0    0
    0    0    0    0    0    0    0    0    0    0    0    0    0    0
    0    0    0    0    0    0    0    0    0    0    0    0    0    0
    0    0    0    0    0 4238]
book
[  74    0    2    2    0    3    2    1    3    2    0    3    2    2
    0    4    2    0    0    2    0    0    0    3    0    2    1    1
    0    3    3    3    1    1    0    3    2    4    3    2    1    2
    1    0    2    3    2    3    3    2    4    3    3    1    0    3
    4    0    0    0    0    0    0    0    0    0    0    0    0    0
    0    0    0    3    1 4352]
book
[  74    0    0    0    0    0    0    0    0    0    0    0    0    0
    0    4    2    0    0    0    0    0    0    3    0    1    1    1
    0    0    3    0    1    1    0    3    1    1    3    2    1    2
    1    0    2    3    2    0    3    2    2    3    3    1    0    3
    0    0    0    0    0    0    0    0    0    0    0    0    0    0
    0    0    0    0    0 4355]
book
[  74    0    3    0    3    0    3    0    4    3    0    4    0    3
    2    0    0    2    2    0    2    2    0    3    2    0    0    1
    0    0    0    0    0    0    0    0    0    0    0    0    0    0
    0    0    0    0    0    0    0    0    0    0    0    0    0    0
    0    0    0    0    0    0    0    0    0    0    0    0    0    0
    0    0    0    0    0 4365]
book
[  74    3    3    3    3    3    3    2    4    3    4    4    3    3
    2    3    0    0    0    0    0    0    3    0    0    0    0    0
    0    0    0    0    0    0    2    0    0    0    0    0    0    0
    0    1    0    0    0    0    0    0    0    0    0    0    3    0
    0    0    0    0    0    0    0    0    0    0    4    0    0    0
    0    0    0    0    2 4368]
book
[  74    2    3    3    3    3    3    2    4    3    4    4    3    3
    2    3    3    2    0    0    0    2    3    0    2    0    0    0
    0    0    0    0    0    0    2    0    0    0    0    0    0    0
    0    1    0    0    0    0    0    0    0    0    0    0    2    0
    0    0    0    0    0    0    0    0    0    0    4    0    0    0
    0    0    0    3    0 4376]
book
[  74    2    0    1    2    1    3    1    0    3    4    4    3    0
    2    3    3    2    2    3    2    2    2    3    0    0    0    0
    0    0    0    0    0    0    1    0    0    0    0    0    0    0
    0    3    0    0    0    0    0    0    0    0    0    0    2    0
    0    0    0    0    0    0    0    0    0    0    4    0    0    0
    0    0    0    3    2 4379]
book
[  74    0    0    0    0    0    0    0    0    0    0    0    0    0
    0    0    2    0    0    0    0    0    0    0    0    0    0    0
    0    0    0    0    0    0    0    3    0    1    0    0    1    0
    0    0    0    0    2    0    0    0    0    0    0    0    0    0
    0    0    0    0    0    0    0    0    0    0    0    0    0    0
    0    0    0    0    0 4382]
book
[  74    0    0    0    0    0    0    0    0    0    0    0    0    0
    0    3    3    0    0    1    0    0    0    0    0    0    0    0
    0    0    0    0    0    0    0    0    0    0    0    0    0    0
    0    0    0    0    0    0    0    0    0    0    0    0    0    0
    0    0    0    0    0    0    0    0    0    0    0    0    0    0
    0    0    0    0    0 4466]
book
[  74    0    0    0    0    0    0    0    0    0    0    0    0    0
    0    4    2    0    0    0    0    0    0    3    0    2    1    1
    0    0    3    0    0    1    0    3    1    1    3    2    1    2
    1    0    2    3    2    0    3    2    2    0    0    0    0    0
    0    0    0    0    0    0    0    0    0    0    0    0    0    0
    0    0    0    0    0 4536]
book
[  74    0    0    0    0    0    0    0    0    0    0    0    2    2
    0    4    2    0    0    2    0    0    0    3    0    2    1    1
    0    0    3    0    0    1    0    3    1    0    3    2    1    2
    1    0    2    3    2    0    1    2    2    0    0    0    0    0
    0    0    0    0    0    0    0    0    0    0    0    0    0    0
    0    0    0    0    0 4538]
book
[  74    0    0    0    0    0    0    0    0    3    0    0    0    0
    2    3    3    2    2    3    2    0    0    0    0    0    0    0
    0    0    0    0    0    0    0    0    0    0    0    0    0    0
    0    0    0    0    0    0    0    0    0    0    0    0    0    0
    0    0    0    0    0    0    0    0    0    0    0    0    0    0
    0    0    0    0    0 4541]
book
[  74    0    0    0    0    0    0    0    0    0    0    0    0    0
    0    0    0    0    0    0    0    0    0    2    0    1    1    0
    0    3    2    3    0    1    0    2    1    4    4    3    3    3
    3    0    3    3    4    3    3    5    4    5    3    3    0    3
    5    1    3    1    2    0    1    1    0    0    0    0    0    0
    0    0    0    0    0 4613]
book
[  74    0    0    0    0    0    0    0    0    0    0    0    0    0
    1    3    0    0    2    2    2    2    0    0    2    2    0    1
    0    0    0    0    0    0    0    0    0    0    0    0    0    0
    0    0    0    0    0    0    0    0    0    0    0    0    0    0
    0    0    0    0    0    0    0    0    0    0    0    0    0    0
    0    0    0    0    0 4751]
book
[  74    0    2    2    0    0    0    0    0    2    0    0    0    2
    0    4    0    0    0    0    0    0    0    0    0    0    0    0
    0    0    3    0    1    1    2    3    0    4    3    0    1    0
    1    0    2    0    2    3    0    2    2    3    0    0    0    0
    0    0    0    0    0    0    0    0    0    0    0    0    0    0
    0    0    0    0    0 4847]
book
[  74    0    0    0    0    2    0    1    3    0    0    0    0    0
    0    0    0    0    0    2    0    0    0    3    0    2    4    1
    1    3    0    0    0    2    0    3    2    4    0    0    1    2
    0    0    2    0    0    3    1    2    0    0    0    0    0    0
    0    0    0    0    0    0    0    0    0    0    0    0    0    0
    0    0    0    0    0 5059]
book
[  74    0    0    2    0    3    2    1    3    2    0    3    2    2
    0    0    2    0    0    2    1    0    0    2    0    0    4    0
    1    0    0    0    0    2    0    3    2    4    3    2    3    2
    1    0    2    3    2    3    3    3    4    3    0    0    0    0
    0    0    0    0    0    0    0    0    0    0    0    0    0    0
    0    0    0    0    1 5107]
book
[  74    0    0    0    0    0    0    0    0    0    0    3    2    0
    0    4    2    0    0    2    0    0    0    3    0    2    1    1
    0    3    3    3    1    1    0    3    2    4    3    2    1    2
    1    0    2    3    2    3    1    2    2    3    0    1    0    0
    0    0    0    0    0    0    0    0    0    0    0    0    0    0
    0    0    0    0    0 5115]
book
[  74    0    0    0    0    0    0    0    0    2    0    0    0    0
    0    0    2    0    0    0    0    0    0    3    0    0    0    0
    0    0    0    3    0    1    0    0    0    0    0    0    3    0
    3    0    2    3    0    3    3    0    4    5    0    0    0    3
    3    1    3    0    0    0    1    0    1    1    0    0    0    0
    0    0    0    0    0 5120]
book
[  74    0    0    0    0    0    0    0    0    0    0    0    0    0
    2    0    3    0    2    1    2    0    0    2    0    0    0    0
    0    0    0    0    0    0    0    0    0    0    0    0    0    0
    0    0    0    0    0    0    0    0    0    0    0    0    0    0
    0    0    0    0    0    0    0    0    0    0    0    0    0    0
    0    0    0    0    0 5121]
book
[  74    0    0    0    0    0    0    0    0    0    0    0    0    0
    2    0    0    0    0    0    1    0    0    0    0    0    0    0
    0    0    0    0    0    0    0    0    0    0    0    0    0    0
    0    0    0    0    0    0    0    0    0    0    0    0    0    0
    0    0    0    0    0    0    0    0    0    0    0    0    0    0
    0    0    0    0    0 5122]
book
[  74    0    0    0    0    0    0    0    0    0    0    4    0    3
    2    0    0    2    2    1    0    0    0    0    0    0    0    0
    0    0    0    0    0    0    0    0    0    0    0    0    0    0
    0    1    0    0    0    0    0    0    0    0    0    0    3    0
    0    0    0    0    0    0    0    0    0    0    0    0    0    0
    0    0    0    0    0 5124]
book
[  74    0    0    0    0    0    0    0    0    0    0    4    0    3
    2    0    0    2    0    1    0    0    0    0    0    0    0    0
    0    0    0    0    0    0    0    0    0    0    0    0    0    0
    0    0    0    0    0    0    0    0    0    0    0    0    0    0
    0    0    0    0    0    0    0    0    0    0    0    0    0    0
    0    0    0    0    0 5131]
book
[  74    0    0    0    0    0    0    0    0    0    0    0    3    0
    2    3    3    0    2    0    0    0    0    0    0    0    0    0
    0    0    0    0    0    0    0    0    0    0    0    0    0    0
    0    0    0    0    0    0    0    0    0    0    0    0    0    0
    0    0    0    0    0    0    0    0    0    0    0    0    0    0
    0    0    0    0    0 5145]
book
[  74    0    0    0    0    0    0    0    0    0    0    0    0    0
    0    0    0    0    0    0    0    0    0    0    0    0    0    0
    0    0    0    0    0    1    0    0    1    0    0    0    3    0
    0    0    0    0    0    3    0    5    0    0    0    0    0    0
    0    0    0    0    0    0    0    0    0    0    0    0    0    0
    0    0    0    0    0 5164]
book
[  74    0    2    2    0    3    2    1    3    2    0    4    2    2
    0    4    2    0    0    2    1    0    3    3    0    2    1    1
    1    0    3    0    1    1    1    3    1    1    3    2    1    2
    1    0    0    3    0    0    0    0    0    0    0    0    0    0
    0    0    0    0    0    0    0    0    0    0    0    0    0    0
    0    0    0    3    0 5165]
book
[  74    0    0    0    0    0    0    0    0    0    0    0    2    0
    0    0    2    0    0    2    0    0    0    3    0    0    0    0
    0    0    0    0    0    0    0    3    2    4    0    2    1    2
    1    0    2    3    2    3    3    2    4    3    3    1    0    0
    0    0    0    0    0    0    0    0    0    0    0    0    0    0
    0    0    0    0    0 5299]
book
[  74    0    3    3    3    0    3    0    4    3    4    4    3    0
    1    3    3    1    0    1    1    2    3    0    0    0    0    0
    0    0    0    0    0    0    2    0    0    0    0    0    0    0
    0    0    0    0    0    0    0    0    0    0    0    0    0    0
    0    0    0    0    0    0    0    0    0    0    4    0    0    0
    0    0    0    3    2 5325]
book
[  74    0    0    3    3    3    3    2    4    3    0    4    0    3
    2    2    1    2    2    0    0    0    0    0    0    0    0    0
    0    0    0    0    0    0    2    0    0    0    0    0    0    0
    0    0    0    0    0    0    0    0    0    0    0    0    3    0
    0    0    0    0    0    0    0    0    0    0    4    0    0    0
    0    0    0    0    2 5337]
book
[  74    3    0    0    3    0    0    2    4    3    0    4    3    3
    0    3    3    2    2    0    0    0    3    0    0    0    0    0
    0    0    0    0    0    0    2    0    0    0    0    0    0    0
    0    3    0    0    0    0    0    0    0    0    0    0    2    0
    0    0    0    0    0    0    0    0    0    0    4    0    0    0
    0    0    0    0    0 5367]
book
[  74    0    3    0    3    3    0    2    0    0    0    4    3    3
    2    3    3    2    2    0    0    0    0    0    0    0    0    0
    0    0    0    0    0    0    0    0    0    0    0    0    0    0
    0    0    0    0    0    0    0    0    0    0    0    0    0    0
    0    0    0    0    0    0    0    0    0    0    0    0    0    0
    0    0    0    0    0 5368]
book
[  74    0    0    0    3    3    0    2    4    3    0    4    3    3
    2    3    0    2    2    0    0    0    0    0    0    0    0    0
    0    0    0    0    0    0    0    0    0    0    0    0    0    0
    0    0    0    0    0    0    0    0    0    0    0    0    0    0
    0    0    0    0    0    0    0    0    0    0    0    0    0    0
    0    0    0    2    2 5371]
book
[  74    0    0    0    3    0    0    2    4    3    0    4    3    3
    2    3    0    2    2    1    0    0    0    0    0    0    0    0
    0    0    0    0    0    0    0    0    0    0    0    0    0    0
    0    0    0    0    0    0    0    0    0    0    0    0    0    0
    0    0    0    0    0    0    0    0    0    0    0    0    0    0
    0    0    0    0    2 5376]
book
[  74    0    0    0    0    0    0    0    0    0    0    0    0    0
    0    0    0    0    0    0    0    0    0    0    0    0    0    1
    0    0    0    0    0    0    0    3    0    0    0    0    0    2
    0    0    2    3    0    0    0    0    0    0    0    0    0    0
    0    0    0    0    0    0    0    0    0    0    0    0    0    0
    0    0    0    0    0 5379]
book
[  74    0    2    2    0    3    2    1    3    2    0    0    2    0
    0    0    0    0    0    0    0    0    3    0    0    0    0    0
    0    0    3    0    0    0    2    0    1    0    3    2    1    2
    1    0    2    3    2    3    1    2    2    4    0    0    0    0
    0    0    0    0    0    0    0    0    0    0    0    0    0    0
    0    0    0    3    0 5390]
book
[  74    3    3    3    3    3    3    2    0    3    4    4    3    3
    2    2    1    2    0    0    0    0    3    0    0    0    0    0
    0    0    0    0    0    0    0    0    0    0    0    0    0    0
    0    3    0    0    0    0    0    0    0    0    0    0    3    0
    0    0    0    0    0    0    0    0    0    0    4    0    0    0
    0    0    0    2    2 5448]
book
[  74    3    0    3    3    3    3    0    4    3    4    4    0    3
    2    0    0    2    0    0    0    0    0    0    0    0    0    0
    0    0    0    0    0    0    2    0    0    0    0    0    0    0
    0    1    0    0    0    0    0    0    0    0    0    0    3    0
    0    0    0    0    0    0    0    0    0    0    0    0    0    0
    0    0    0    0    2 5479]
book
[  74    2    0    0    0    0    0    0    0    0    0    4    0    0
    0    0    0    0    0    0    0    0    2    0    0    0    0    0
    0    0    0    0    2    0    0    0    0    0    0    0    0    0
    0    0    0    0    0    0    0    0    0    0    0    0    0    0
    0    0    0    0    0    0    0    0    0    0    0    0    0    0
    0    0    0    0    0 5487]
book
[  74    0    0    3    0    0    3    2    0    3    4    4    0    3
    2    0    3    0    0    0    0    0    0    0    0    0    0    0
    0    0    0    0    0    0    0    0    0    0    0    0    0    0
    0    3    0    0    0    0    0    0    0    0    0    0    0    0
    0    0    0    0    0    0    0    0    0    0    0    0    0    0
    0    0    0    0    2 5520]
book
[  74    0    0    0    0    0    0    0    0    0    0    0    0    0
    0    4    0    0    0    0    0    0    0    0    0    0    0    0
    0    0    0    0    0    0    0    2    0    0    0    3    0    0
    3    0    2    3    4    3    3    5    4    3    0    0    0    0
    3    0    0    0    0    0    0    0    0    0    0    0    0    0
    0    0    0    0    0 5585]
book
[  74    0    2    0    0    0    0    0    3    0    0    3    0    0
    0    0    0    0    0    0    0    0    0    0    0    0    0    0
    0    0    0    0    0    0    0    0    0    0    0    0    0    0
    0    0    2    0    0    3    0    2    2    3    0    1    0    0
    0    0    0    0    0    0    0    0    0    0    3    0    0    0
    0    0    0    0    0 5588]
book
[  74    0    0    0    0    0    0    0    0    0    0    4    0    0
    0    3    0    0    0    1    0    0    0    2    0    0    0    0
    0    0    0    0    0    0    0    0    0    0    0    0    0    0
    0    0    0    0    0    0    0    0    0    0    0    0    0    0
    0    0    0    0    0    0    0    0    0    0    0    0    0    0
    0    0    0    0    0 5593]
book
[  74    0    0    0    0    0    0    0    0    0    0    0    3    0
    2    3    0    0    2    0    0    0    0    0    0    0    0    0
    0    0    0    0    0    0    0    0    0    0    0    0    0    0
    0    0    0    0    0    0    0    0    0    0    0    0    0    0
    0    0    0    0    0    0    0    0    0    0    0    0    0    0
    0    0    0    0    0 5614]
book
[  74    0    0    0    0    0    0    0    0    0    0    0    0    0
    0    0    0    0    0    2    0    0    0    0    0    2    0    1
    0    0    0    0    0    0    0    0    0    0    0    0    0    0
    0    0    2    3    0    0    0    5    4    3    3    1    0    3
    3    1    0    0    0    0    0    0    0    0    0    0    0    0
    0    0    0    0    0 5626]
book
[  74    3    3    0    3    3    3    2    4    3    4    4    3    0
    0    2    0    2    0    0    0    0    0    0    0    0    0    0
    0    0    0    0    0    0    2    0    0    0    0    0    0    0
    0    0    0    0    0    0    0    0    0    0    0    0    0    0
    0    0    0    0    0    0    0    0    0    0    0    0    0    0
    0    0    0    0    2 5638]
book
[  74    0    0    0    3    0    0    0    4    0    4    3    0    0
    2    0    0    2    0    0    0    0    3    0    0    0    0    0
    0    0    0    0    0    0    1    0    0    0    0    0    0    0
    0    3    0    0    0    0    0    0    0    0    0    0    0    0
    0    0    0    0    0    0    0    0    0    0    4    0    0    0
    0    0    0    0    0 5665]
book
[  74    0    0    0    0    0    0    2    4    3    0    3    3    3
    0    0    0    0    0    0    0    0    0    0    0    0    0    0
    0    0    0    0    0    0    2    0    0    0    0    0    0    0
    0    3    0    0    0    0    0    0    0    0    0    0    3    0
    0    0    0    0    0    0    0    0    0    0    4    0    0    0
    0    0    0    2    0 5797]
book
[  74    0    3    3    3    3    3    2    4    0    4    3    0    0
    1    3    0    0    0    0    0    0    0    0    0    0    0    0
    0    0    0    0    0    0    0    0    0    0    0    0    0    0
    0    1    0    0    0    0    0    0    0    0    0    0    3    0
    0    0    0    0    0    0    0    0    0    0    4    0    0    0
    0    0    0    2    2 5826]
book
[  74    0    3    3    3    0    0    0    0    0    0    0    0    0
    0    0    0    0    0    0    0    3    3    0    0    0    0    0
    0    0    0    0    0    0    0    0    0    0    0    0    0    0
    0    3    0    0    0    0    0    0    0    0    0    0    0    0
    0    0    0    0    0    0    0    0    0    0    4    0    0    0
    0    0    0    0    2 5834]
book
[  74    0    0    0    0    0    0    0    0    0    0    0    3    0
    1    3    0    1    0    1    0    0    0    2    0    0    0    0
    0    0    0    0    0    0    0    0    0    0    0    0    0    0
    0    0    0    0    0    0    0    0    0    0    0    0    0    0
    0    0    0    0    0    0    0    0    0    0    0    0    0    0
    0    0    0    0    0 5852]
book
[  74    0    0    3    0    3    0    2    4    0    0    3    3    3
    2    1    0    0    0    0    0    0    0    0    0    0    0    0
    0    0    0    0    0    0    0    0    0    0    0    0    0    0
    0    3    0    0    0    0    0    0    0    0    0    0    0    0
    0    0    0    0    0    0    0    0    0    0    0    0    0    0
    0    0    0    0    2 5871]
book
[  74    3    3    3    0    0    0    2    0    0    4    0    0    3
    0    0    0    0    0    0    0    0    3    0    0    0    0    0
    0    0    0    0    0    0    0    0    0    0    0    0    0    0
    0    0    0    0    0    0    0    0    0    0    0    0    0    0
    0    0    0    0    0    0    0    0    0    0    0    0    0    0
    0    0    0    0    0 5873]
book
[  74    0    0    0    0    3    0    2    4    3    0    3    3    3
    1    3    0    0    0    0    0    0    0    0    0    0    0    0
    0    0    0    0    0    0    2    0    0    0    0    0    0    0
    0    0    0    0    0    0    0    0    0    0    0    0    0    0
    0    0    0    0    0    0    0    0    0    0    4    0    0    0
    0    0    0    2    0 5876]
book
[  74    0    3    0    0    3    3    2    4    3    0    1    0    0
    0    0    0    0    0    0    0    0    0    0    0    0    0    0
    0    0    0    0    0    0    0    0    0    0    0    0    0    0
    0    0    0    0    0    0    0    0    0    0    0    0    0    0
    0    0    0    0    0    0    0    0    0    0    0    0    0    0
    0    0    0    0    0 5995]
book
[  74    2    0    3    0    0    0    0    0    0    0    0    0    3
    0    0    0    0    0    0    0    0    0    0    0    0    0    0
    0    0    0    0    0    0    0    0    0    0    0    0    0    0
    0    0    0    0    0    0    0    0    0    0    0    0    2    0
    0    0    0    0    0    0    0    0    0    0    4    0    0    0
    0    0    0    3    0 6055]
book
[  74    0    3    3    3    3    3    2    4    3    4    3    3    0
    0    0    0    0    0    0    0    0    3    0    0    0    0    0
    0    0    0    0    0    0    0    0    0    0    0    0    0    0
    0    1    0    0    0    0    0    0    0    0    0    0    3    0
    0    0    0    0    0    0    0    0    0    0    0    0    0    0
    0    0    0    2    2 6064]
book
[  74    3    0    3    0    0    3    0    0    0    4    0    0    3
    0    0    0    0    0    0    0    0    3    0    0    0    0    0
    0    0    0    0    0    0    1    0    0    0    0    0    0    0
    0    3    0    0    0    0    0    0    0    0    0    0    2    0
    0    0    0    0    0    0    0    0    0    0    4    0    0    0
    0    0    0    0    0 6198]
book
[  74    0    0    3    3    3    3    2    0    3    0    3    3    3
    1    2    1    0    0    0    0    0    0    0    0    0    0    0
    0    0    0    0    0    0    0    0    0    0    0    0    0    0
    0    0    0    0    0    0    0    0    0    0    0    0    0    0
    0    0    0    0    0    0    0    0    0    0    0    0    0    0
    0    0    0    2    0 6229]
book
[  74    0    2    0    0    0    0    0    0    0    0    0    0    0
    0    0    0    0    0    0    0    0    0    0    0    2    1    0
    0    3    0    0    0    0    0    3    2    4    3    2    1    2
    0    0    0    3    0    3    0    2    4    3    3    1    0    3
    0    0    0    0    0    0    0    0    0    0    0    0    0    0
    0    0    0    0    0 6253]
book
[  74    0    2    2    0    0    0    1    3    0    4    0    0    0
    1    0    3    0    0    2    1    0    2    3    0    2    2    1
    0    2    0    0    0    0    1    0    0    0    0    0    0    0
    0    1    0    0    0    0    0    0    0    0    0    0    0    0
    0    0    0    0    0    0    0    0    0    0    0    0    0    0
    0    0    0    0    0 6260]
book
[  74    0    0    3    0    0    0    0    0    3    0    4    0    0
    0    3    3    1    0    0    0    0    0    2    0    0    0    0
    0    0    0    0    0    0    2    0    0    0    0    0    0    0
    0    0    0    0    0    0    0    0    0    0    0    0    0    0
    0    0    0    0    0    0    0    0    0    0    0    0    0    0
    0    0    0    0    0 6268]
book
[  74    2    3    3    0    3    3    2    4    3    4    0    0    0
    0    0    0    0    0    0    0    0    3    0    0    0    0    0
    0    0    0    0    0    0    2    0    0    0    0    0    0    0
    0    3    0    0    0    0    0    0    0    0    0    0    2    0
    0    0    0    0    0    0    0    0    0    0    4    0    0    0
    0    0    0    3    2 6313]
book
[  74    0    0    3    0    0    0    2    0    0    4    0    0    0
    0    0    0    0    0    0    0    0    0    0    0    0    0    0
    0    0    0    0    0    0    1    0    0    0    0    0    0    0
    0    0    0    0    0    0    0    0    0    0    0    0    2    0
    0    0    0    0    0    0    0    0    0    0    4    0    0    0
    0    0    0    3    0 6364]
book
[  74    0    0    0    0    0    0    0    0    0    0    0    0    0
    0    3    0    2    2    0    0    0    0    0    0    0    0    0
    0    0    0    0    0    0    0    0    0    0    0    0    0    0
    0    3    0    0    0    0    0    0    0    0    0    0    0    0
    0    0    0    0    0    0    0    0    0    0    4    0    0    0
    0    0    0    3    0 6469]
book
[  74    3    0    0    3    0    0    2    0    0    0    0    0    0
    0    0    0    0    0    0    0    0    3    0    0    0    0    0
    0    0    0    0    0    0    2    0    0    0    0    0    0    0
    0    3    0    0    0    0    0    0    0    0    0    0    3    0
    0    0    0    0    0    0    0    0    0    0    0    0    0    0
    0    0    0    2    0 6525]
book
[  74    0    0    0    0    0    0    0    0    0    0    0    0    0
    0    0    0    0    0    3    0    0    0    0    0    0    0    0
    0    0    0    0    0    0    0    0    0    0    0    0    0    0
    0    1    0    0    0    0    0    0    0    0    0    0    2    0
    0    0    0    0    0    0    0    0    0    0    0    0    0    0
    0    0    0    0    0 6555]
book
[  74    0    0    3    0    0    0    0    0    3    0    0    0    0
    0    3    0    0    0    0    0    0    0    0    0    0    0    0
    0    0    0    0    0    0    0    0    0    0    0    0    0    0
    0    1    0    0    0    0    0    0    0    0    0    0    2    0
    0    0    0    0    0    0    0    0    0    0    4    0    0    0
    0    0    0    0    0 6561]
book
[  74    0    0    0    0    0    0    0    0    0    0    0    3    0
    0    0    0    1    0    0    1    0    1    2    0    0    0    0
    0    0    0    0    0    0    2    0    0    0    0    0    0    0
    0    0    0    0    0    0    0    0    0    0    0    0    0    0
    0    0    0    0    0    0    0    0    0    0    0    0    0    0
    0    0    0    3    2 6566]
book
[  74    3    0    3    0    0    0    0    0    0    0    1    0    0
    0    0    0    0    0    0    0    0    1    0    0    0    0    0
    0    0    0    0    0    0    2    0    0    0    0    0    0    0
    0    1    0    0    0    0    0    0    0    0    0    0    0    0
    0    0    0    0    0    0    0    0    0    0    0    0    0    0
    0    0    0    0    2 6611]
book
[  74    2    0    0    0    0    0    0    0    0    4    0    0    0
    0    0    0    0    0    3    0    0    0    0    0    0    0    0
    0    0    0    0    0    0    0    0    0    0    0    0    0    0
    0    3    0    0    0    0    0    0    0    0    0    0    0    0
    0    0    0    0    0    0    0    0    0    0    0    0    0    0
    0    0    0    3    0 6614]
book
[  74    3    0    3    0    0    0    0    0    3    0    0    0    0
    0    0    0    0    0    0    0    0    0    0    0    0    0    0
    0    0    0    0    0    0    2    0    0    0    0    0    0    0
    0    0    0    0    0    0    0    0    0    0    0    0    3    0
    0    0    0    0    0    0    0    0    0    0    0    0    0    0
    0    0    0    0    0 6616]
book
[  74    0    0    0    0    0    0    0    0    3    0    4    3    0
    1    3    0    0    0    0    0    0    0    0    0    0    0    0
    0    0    0    0    0    0    0    0    0    0    0    0    0    0
    0    1    0    0    0    0    0    0    0    0    0    0    0    0
    0    0    0    0    0    0    0    0    0    0    0    0    0    0
    0    0    0    0    2 6618]
book
[  74    0    3    3    3    0    3    2    4    0    0    4    0    0
    0    3    3    0    0    0    0    0    3    0    0    0    0    0
    0    0    0    0    0    0    0    0    0    0    0    0    0    0
    0    0    0    0    0    0    0    0    0    0    0    0    0    0
    0    0    0    0    0    0    0    0    0    0    0    0    0    0
    0    0    0    0    0 6667]
book
[  74    0    3    3    0    0    0    0    0    0    3    0    0    0
    0    0    0    0    0    0    0    0    0    0    0    0    0    0
    0    0    0    0    0    0    2    0    0    0    0    0    0    0
    0    0    0    0    0    0    0    0    0    0    0    0    0    0
    0    0    0    0    0    0    0    0    0    0    0    0    0    0
    0    0    0    2    0 6671]
book
[  74    3    3    0    0    3    3    2    0    0    4    0    0    0
    0    0    0    0    0    0    0    0    3    0    0    0    0    0
    0    0    0    0    0    0    2    0    0    0    0    0    0    0
    0    3    0    0    0    0    0    0    0    0    0    0    0    0
    0    0    0    0    0    0    0    0    0    0    0    0    0    0
    0    0    0    0    0 6673]
book
[  74    3    3    1    0    0    0    0    0    0    4    0    3    0
    0    0    0    0    0    0    0    0    0    0    0    0    0    0
    0    0    0    0    0    0    0    0    0    0    0    0    0    0
    0    0    0    0    0    0    0    0    0    0    0    0    0    0
    0    0    0    0    0    0    0    0    0    0    0    0    0    0
    0    0    0    0    2 6675]
book
[  74    0    0    0    0    0    0    0    0    0    0    0    0    0
    0    0    0    0    0    0    0    0    0    0    0    0    0    0
    0    0    0    0    0    0    1    0    0    0    0    0    0    0
    0    1    0    0    0    0    0    0    0    0    0    0    0    0
    0    0    0    0    0    0    0    0    0    0    0    0    0    0
    0    0    0    0    0 6680]
book
[  74    3    0    1    3    0    3    0    0    0    0    0    0    0
    0    0    0    0    0    0    0    0    1    0    0    0    0    0
    0    0    0    0    0    0    0    0    0    0    0    0    0    0
    0    1    0    0    0    0    0    0    0    0    0    0    0    0
    0    0    0    0    0    0    0    0    0    0    0    0    0    0
    0    0    0    0    2 6789]
book
[  74    3    0    0    0    0    0    0    0    0    0    0    0    0
    0    0    0    0    0    1    0    0    0    0    0    0    0    0
    0    0    0    0    0    0    0    0    0    0    0    0    0    0
    0    0    0    0    0    0    0    0    0    0    0    0    0    0
    0    0    0    0    0    0    0    0    0    0    0    0    0    0
    0    0    0    0    0 6798]
book
[  74    0    2    0    0    0    2    1    0    0    0    4    0    0
    1    0    0    0    0    0    0    0    0    3    0    3    0    1
    0    0    0    0    0    0    1    0    0    0    0    0    0    0
    0    0    0    0    0    0    0    0    0    0    0    0    0    0
    0    0    0    0    0    0    0    0    0    0    0    0    0    0
    0    0    0    0    0 6825]
book
[  74    0    0    0    3    0    3    0    0    3    0    0    3    0
    0    0    0    0    0    0    0    0    0    0    0    0    0    0
    0    0    0    0    0    0    2    0    0    0    0    0    0    0
    0    1    0    0    0    0    0    0    0    0    0    0    0    0
    0    0    0    0    0    0    0    0    0    0    0    0    0    0
    0    0    0    0    0 6845]
book
[  74    0    0    0    0    0    0    0    0    0    0    0    0    0
    0    0    0    0    0    0    0    0    0    0    0    0    0    0
    0    0    0    0    0    0    0    0    0    0    0    0    0    0
    0    0    0    0    0    0    0    0    0    0    0    0    0    0
    0    0    0    0    0    0    0    0    0    0    0    0    0    0
    0    0    0    0    0 6894]
book
[  74    3    3    3    3    3    3    2    4    3    4    0    3    0
    2    3    0    1    0    0    0    0    3    0    0    0    0    0
    0    0    0    0    0    0    2    0    0    0    0    0    0    0
    0    1    0    0    0    0    0    0    0    0    0    0    3    0
    0    0    0    0    0    0    0    0    0    0    4    0    0    0
    0    0    0    2    2 6905]
book
[  74    0    2    2    2    3    2    1    3    2    4    4    0    0
    1    3    3    2    0    3    2    2    0    3    2    3    1    2
    2    2    1    1    1    0    1    0    0    0    0    0    0    0
    0    1    0    0    0    0    0    0    0    0    0    0    2    0
    0    0    0    0    0    0    0    0    0    0    4    0    0    0
    0    0    0    3    2 6906]
book
[  74    3    0    0    0    0    0    0    0    3    0    0    0    0
    0    0    0    0    0    0    0    0    0    0    0    0    0    0
    0    0    0    0    0    0    0    0    0    0    0    0    0    0
    0    0    0    0    0    0    0    0    0    0    0    0    0    0
    0    0    0    0    0    0    0    0    0    0    0    0    0    0
    0    0    0    0    2 6910]
book
[  74    0    0    3    0    0    0    0    0    0    4    0    0    0
    0    0    0    0    0    0    0    0    0    0    0    0    0    0
    0    0    0    0    0    0    0    0    0    0    0    0    0    0
    0    1    0    0    0    0    0    0    0    0    0    0    0    0
    0    0    0    0    0    0    0    0    0    0    0    0    0    0
    0    0    0    0    0 6911]